Year	Month	Tmax	Tmin	PAR	Prec	CO2	O3
1200-1859	1	-0.2	-8.2	458.3386935	141	288	0
1200-1859	2	-0.8	-11	613.6085172	38	288	0
1200-1859	3	5.2	-3	674.3276129	61	288	0
1200-1859	4	10.6	0.9	766.0939	62	288	0
1200-1859	5	20.7	7.5	848.8796613	36	288	0
1200-1859	6	23.9	11.4	808.7287	56	288	0
1200-1859	7	25.7	15.9	698.256	71	288	0
1200-1859	8	21.5	11.4	731.1858387	43	288	0
1200-1859	9	20	8.6	677.7667	21	288	0
1200-1859	10	15.1	2.6	539.9254355	32	288	0
1200-1859	11	8.9	0.4	349.3867	52	288	0
1200-1859	12	-0.3	-7.2	377.05915	87	288	0
1860	1	-0.2	-8.2	458.3386935	141	288	0
1860	2	-0.8	-11	613.6085172	38	288	0
1860	3	5.2	-3	674.3276129	61	288	0
1860	4	10.6	0.9	766.0939	62	288	0
1860	5	20.7	7.5	848.8796613	36	288	0
1860	6	23.9	11.4	808.7287	56	288	0
1860	7	25.7	15.9	698.256	71	288	0
1860	8	21.5	11.4	731.1858387	43	288	0
1860	9	20	8.6	677.7667	21	288	0
1860	10	15.1	2.6	539.9254355	32	288	0
1860	11	8.9	0.4	349.3867	52	288	0
1860	12	-0.3	-7.2	377.05915	87	288	0
1861	1	-0.2	-8.2	458.3386935	141	288	0
1861	2	-0.8	-11	613.6085172	38	288	0
1861	3	5.2	-3	674.3276129	61	288	0
1861	4	10.6	0.9	766.0939	62	288	0
1861	5	20.7	7.5	848.8796613	36	288	0
1861	6	23.9	11.4	808.7287	56	288	0
1861	7	25.7	15.9	698.256	71	288	0
1861	8	21.5	11.4	731.1858387	43	288	0
1861	9	20	8.6	677.7667	21	288	0
1861	10	15.1	2.6	539.9254355	32	288	0
1861	11	8.9	0.4	349.3867	52	288	0
1861	12	-0.3	-7.2	377.05915	87	288	0
1862	1	-0.2	-8.2	458.3386935	141	288	0
1862	2	-0.8	-11	613.6085172	38	288	0
1862	3	5.2	-3	674.3276129	61	288	0
1862	4	10.6	0.9	766.0939	62	288	0
1862	5	20.7	7.5	848.8796613	36	288	0
1862	6	23.9	11.4	808.7287	56	288	0
1862	7	25.7	15.9	698.256	71	288	0
1862	8	21.5	11.4	731.1858387	43	288	0
1862	9	20	8.6	677.7667	21	288	0
1862	10	15.1	2.6	539.9254355	32	288	0
1862	11	8.9	0.4	349.3867	52	288	0
1862	12	-0.3	-7.2	377.05915	87	288	0
1863	1	-0.2	-8.2	458.3386935	141	288	0
1863	2	-0.8	-11	613.6085172	38	288	0
1863	3	5.2	-3	674.3276129	61	288	0
1863	4	10.6	0.9	766.0939	62	288	0
1863	5	20.7	7.5	848.8796613	36	288	0
1863	6	23.9	11.4	808.7287	56	288	0
1863	7	25.7	15.9	698.256	71	288	0
1863	8	21.5	11.4	731.1858387	43	288	0
1863	9	20	8.6	677.7667	21	288	0
1863	10	15.1	2.6	539.9254355	32	288	0
1863	11	8.9	0.4	349.3867	52	288	0
1863	12	-0.3	-7.2	377.05915	87	288	0
1864	1	-0.2	-8.2	458.3386935	141	288	0
1864	2	-0.8	-11	613.6085172	38	288	0
1864	3	5.2	-3	674.3276129	61	288	0
1864	4	10.6	0.9	766.0939	62	288	0
1864	5	20.7	7.5	848.8796613	36	288	0
1864	6	23.9	11.4	808.7287	56	288	0
1864	7	25.7	15.9	698.256	71	288	0
1864	8	21.5	11.4	731.1858387	43	288	0
1864	9	20	8.6	677.7667	21	288	0
1864	10	15.1	2.6	539.9254355	32	288	0
1864	11	8.9	0.4	349.3867	52	288	0
1864	12	-0.3	-7.2	377.05915	87	288	0
1865	1	-0.2	-8.2	458.3386935	141	288	0
1865	2	-0.8	-11	613.6085172	38	288	0
1865	3	5.2	-3	674.3276129	61	288	0
1865	4	10.6	0.9	766.0939	62	288	0
1865	5	20.7	7.5	848.8796613	36	288	0
1865	6	23.9	11.4	808.7287	56	288	0
1865	7	25.7	15.9	698.256	71	288	0
1865	8	21.5	11.4	731.1858387	43	288	0
1865	9	20	8.6	677.7667	21	288	0
1865	10	15.1	2.6	539.9254355	32	288	0
1865	11	8.9	0.4	349.3867	52	288	0
1865	12	-0.3	-7.2	377.05915	87	288	0
1866	1	-0.2	-8.2	458.3386935	141	288	0
1866	2	-0.8	-11	613.6085172	38	288	0
1866	3	5.2	-3	674.3276129	61	288	0
1866	4	10.6	0.9	766.0939	62	288	0
1866	5	20.7	7.5	848.8796613	36	288	0
1866	6	23.9	11.4	808.7287	56	288	0
1866	7	25.7	15.9	698.256	71	288	0
1866	8	21.5	11.4	731.1858387	43	288	0
1866	9	20	8.6	677.7667	21	288	0
1866	10	15.1	2.6	539.9254355	32	288	0
1866	11	8.9	0.4	349.3867	52	288	0
1866	12	-0.3	-7.2	377.05915	87	288	0
1867	1	-0.2	-8.2	458.3386935	141	289	0
1867	2	-0.8	-11	613.6085172	38	289	0
1867	3	5.2	-3	674.3276129	61	289	0
1867	4	10.6	0.9	766.0939	62	289	0
1867	5	20.7	7.5	848.8796613	36	289	0
1867	6	23.9	11.4	808.7287	56	289	0
1867	7	25.7	15.9	698.256	71	289	0
1867	8	21.5	11.4	731.1858387	43	289	0
1867	9	20	8.6	677.7667	21	289	0
1867	10	15.1	2.6	539.9254355	32	289	0
1867	11	8.9	0.4	349.3867	52	289	0
1867	12	-0.3	-7.2	377.05915	87	289	0
1868	1	-0.2	-8.2	458.3386935	141	289	0
1868	2	-0.8	-11	613.6085172	38	289	0
1868	3	5.2	-3	674.3276129	61	289	0
1868	4	10.6	0.9	766.0939	62	289	0
1868	5	20.7	7.5	848.8796613	36	289	0
1868	6	23.9	11.4	808.7287	56	289	0
1868	7	25.7	15.9	698.256	71	289	0
1868	8	21.5	11.4	731.1858387	43	289	0
1868	9	20	8.6	677.7667	21	289	0
1868	10	15.1	2.6	539.9254355	32	289	0
1868	11	8.9	0.4	349.3867	52	289	0
1868	12	-0.3	-7.2	377.05915	87	289	0
1869	1	-0.2	-8.2	458.3386935	141	289	0
1869	2	-0.8	-11	613.6085172	38	289	0
1869	3	5.2	-3	674.3276129	61	289	0
1869	4	10.6	0.9	766.0939	62	289	0
1869	5	20.7	7.5	848.8796613	36	289	0
1869	6	23.9	11.4	808.7287	56	289	0
1869	7	25.7	15.9	698.256	71	289	0
1869	8	21.5	11.4	731.1858387	43	289	0
1869	9	20	8.6	677.7667	21	289	0
1869	10	15.1	2.6	539.9254355	32	289	0
1869	11	8.9	0.4	349.3867	52	289	0
1869	12	-0.3	-7.2	377.05915	87	289	0
1870	1	-0.2	-8.2	458.3386935	141	289	0
1870	2	-0.8	-11	613.6085172	38	289	0
1870	3	5.2	-3	674.3276129	61	289	0
1870	4	10.6	0.9	766.0939	62	289	0
1870	5	20.7	7.5	848.8796613	36	289	0
1870	6	23.9	11.4	808.7287	56	289	0
1870	7	25.7	15.9	698.256	71	289	0
1870	8	21.5	11.4	731.1858387	43	289	0
1870	9	20	8.6	677.7667	21	289	0
1870	10	15.1	2.6	539.9254355	32	289	0
1870	11	8.9	0.4	349.3867	52	289	0
1870	12	-0.3	-7.2	377.05915	87	289	0
1871	1	-0.2	-8.2	458.3386935	141	289	0
1871	2	-0.8	-11	613.6085172	38	289	0
1871	3	5.2	-3	674.3276129	61	289	0
1871	4	10.6	0.9	766.0939	62	289	0
1871	5	20.7	7.5	848.8796613	36	289	0
1871	6	23.9	11.4	808.7287	56	289	0
1871	7	25.7	15.9	698.256	71	289	0
1871	8	21.5	11.4	731.1858387	43	289	0
1871	9	20	8.6	677.7667	21	289	0
1871	10	15.1	2.6	539.9254355	32	289	0
1871	11	8.9	0.4	349.3867	52	289	0
1871	12	-0.3	-7.2	377.05915	87	289	0
1872	1	-0.2	-8.2	458.3386935	141	289	0
1872	2	-0.8	-11	613.6085172	38	289	0
1872	3	5.2	-3	674.3276129	61	289	0
1872	4	10.6	0.9	766.0939	62	289	0
1872	5	20.7	7.5	848.8796613	36	289	0
1872	6	23.9	11.4	808.7287	56	289	0
1872	7	25.7	15.9	698.256	71	289	0
1872	8	21.5	11.4	731.1858387	43	289	0
1872	9	20	8.6	677.7667	21	289	0
1872	10	15.1	2.6	539.9254355	32	289	0
1872	11	8.9	0.4	349.3867	52	289	0
1872	12	-0.3	-7.2	377.05915	87	289	0
1873	1	-0.2	-8.2	458.3386935	141	289	0
1873	2	-0.8	-11	613.6085172	38	289	0
1873	3	5.2	-3	674.3276129	61	289	0
1873	4	10.6	0.9	766.0939	62	289	0
1873	5	20.7	7.5	848.8796613	36	289	0
1873	6	23.9	11.4	808.7287	56	289	0
1873	7	25.7	15.9	698.256	71	289	0
1873	8	21.5	11.4	731.1858387	43	289	0
1873	9	20	8.6	677.7667	21	289	0
1873	10	15.1	2.6	539.9254355	32	289	0
1873	11	8.9	0.4	349.3867	52	289	0
1873	12	-0.3	-7.2	377.05915	87	289	0
1874	1	-0.2	-8.2	458.3386935	141	290	0
1874	2	-0.8	-11	613.6085172	38	290	0
1874	3	5.2	-3	674.3276129	61	290	0
1874	4	10.6	0.9	766.0939	62	290	0
1874	5	20.7	7.5	848.8796613	36	290	0
1874	6	23.9	11.4	808.7287	56	290	0
1874	7	25.7	15.9	698.256	71	290	0
1874	8	21.5	11.4	731.1858387	43	290	0
1874	9	20	8.6	677.7667	21	290	0
1874	10	15.1	2.6	539.9254355	32	290	0
1874	11	8.9	0.4	349.3867	52	290	0
1874	12	-0.3	-7.2	377.05915	87	290	0
1875	1	-0.2	-8.2	458.3386935	141	290	0
1875	2	-0.8	-11	613.6085172	38	290	0
1875	3	5.2	-3	674.3276129	61	290	0
1875	4	10.6	0.9	766.0939	62	290	0
1875	5	20.7	7.5	848.8796613	36	290	0
1875	6	23.9	11.4	808.7287	56	290	0
1875	7	25.7	15.9	698.256	71	290	0
1875	8	21.5	11.4	731.1858387	43	290	0
1875	9	20	8.6	677.7667	21	290	0
1875	10	15.1	2.6	539.9254355	32	290	0
1875	11	8.9	0.4	349.3867	52	290	0
1875	12	-0.3	-7.2	377.05915	87	290	0
1876	1	-0.2	-8.2	458.3386935	141	290	0
1876	2	-0.8	-11	613.6085172	38	290	0
1876	3	5.2	-3	674.3276129	61	290	0
1876	4	10.6	0.9	766.0939	62	290	0
1876	5	20.7	7.5	848.8796613	36	290	0
1876	6	23.9	11.4	808.7287	56	290	0
1876	7	25.7	15.9	698.256	71	290	0
1876	8	21.5	11.4	731.1858387	43	290	0
1876	9	20	8.6	677.7667	21	290	0
1876	10	15.1	2.6	539.9254355	32	290	0
1876	11	8.9	0.4	349.3867	52	290	0
1876	12	-0.3	-7.2	377.05915	87	290	0
1877	1	-0.2	-8.2	458.3386935	141	290	0
1877	2	-0.8	-11	613.6085172	38	290	0
1877	3	5.2	-3	674.3276129	61	290	0
1877	4	10.6	0.9	766.0939	62	290	0
1877	5	20.7	7.5	848.8796613	36	290	0
1877	6	23.9	11.4	808.7287	56	290	0
1877	7	25.7	15.9	698.256	71	290	0
1877	8	21.5	11.4	731.1858387	43	290	0
1877	9	20	8.6	677.7667	21	290	0
1877	10	15.1	2.6	539.9254355	32	290	0
1877	11	8.9	0.4	349.3867	52	290	0
1877	12	-0.3	-7.2	377.05915	87	290	0
1878	1	-0.2	-8.2	458.3386935	141	290	0
1878	2	-0.8	-11	613.6085172	38	290	0
1878	3	5.2	-3	674.3276129	61	290	0
1878	4	10.6	0.9	766.0939	62	290	0
1878	5	20.7	7.5	848.8796613	36	290	0
1878	6	23.9	11.4	808.7287	56	290	0
1878	7	25.7	15.9	698.256	71	290	0
1878	8	21.5	11.4	731.1858387	43	290	0
1878	9	20	8.6	677.7667	21	290	0
1878	10	15.1	2.6	539.9254355	32	290	0
1878	11	8.9	0.4	349.3867	52	290	0
1878	12	-0.3	-7.2	377.05915	87	290	0
1879	1	-0.2	-8.2	458.3386935	141	290	0
1879	2	-0.8	-11	613.6085172	38	290	0
1879	3	5.2	-3	674.3276129	61	290	0
1879	4	10.6	0.9	766.0939	62	290	0
1879	5	20.7	7.5	848.8796613	36	290	0
1879	6	23.9	11.4	808.7287	56	290	0
1879	7	25.7	15.9	698.256	71	290	0
1879	8	21.5	11.4	731.1858387	43	290	0
1879	9	20	8.6	677.7667	21	290	0
1879	10	15.1	2.6	539.9254355	32	290	0
1879	11	8.9	0.4	349.3867	52	290	0
1879	12	-0.3	-7.2	377.05915	87	290	0
1880	1	-0.2	-8.2	458.3386935	141	290	0
1880	2	-0.8	-11	613.6085172	38	290	0
1880	3	5.2	-3	674.3276129	61	290	0
1880	4	10.6	0.9	766.0939	62	290	0
1880	5	20.7	7.5	848.8796613	36	290	0
1880	6	23.9	11.4	808.7287	56	290	0
1880	7	25.7	15.9	698.256	71	290	0
1880	8	21.5	11.4	731.1858387	43	290	0
1880	9	20	8.6	677.7667	21	290	0
1880	10	15.1	2.6	539.9254355	32	290	0
1880	11	8.9	0.4	349.3867	52	290	0
1880	12	-0.3	-7.2	377.05915	87	290	0
1881	1	-0.2	-8.2	458.3386935	141	291	0
1881	2	-0.8	-11	613.6085172	38	291	0
1881	3	5.2	-3	674.3276129	61	291	0
1881	4	10.6	0.9	766.0939	62	291	0
1881	5	20.7	7.5	848.8796613	36	291	0
1881	6	23.9	11.4	808.7287	56	291	0
1881	7	25.7	15.9	698.256	71	291	0
1881	8	21.5	11.4	731.1858387	43	291	0
1881	9	20	8.6	677.7667	21	291	0
1881	10	15.1	2.6	539.9254355	32	291	0
1881	11	8.9	0.4	349.3867	52	291	0
1881	12	-0.3	-7.2	377.05915	87	291	0
1882	1	-0.2	-8.2	458.3386935	141	291	0
1882	2	-0.8	-11	613.6085172	38	291	0
1882	3	5.2	-3	674.3276129	61	291	0
1882	4	10.6	0.9	766.0939	62	291	0
1882	5	20.7	7.5	848.8796613	36	291	0
1882	6	23.9	11.4	808.7287	56	291	0
1882	7	25.7	15.9	698.256	71	291	0
1882	8	21.5	11.4	731.1858387	43	291	0
1882	9	20	8.6	677.7667	21	291	0
1882	10	15.1	2.6	539.9254355	32	291	0
1882	11	8.9	0.4	349.3867	52	291	0
1882	12	-0.3	-7.2	377.05915	87	291	0
1883	1	-0.2	-8.2	458.3386935	141	291	0
1883	2	-0.8	-11	613.6085172	38	291	0
1883	3	5.2	-3	674.3276129	61	291	0
1883	4	10.6	0.9	766.0939	62	291	0
1883	5	20.7	7.5	848.8796613	36	291	0
1883	6	23.9	11.4	808.7287	56	291	0
1883	7	25.7	15.9	698.256	71	291	0
1883	8	21.5	11.4	731.1858387	43	291	0
1883	9	20	8.6	677.7667	21	291	0
1883	10	15.1	2.6	539.9254355	32	291	0
1883	11	8.9	0.4	349.3867	52	291	0
1883	12	-0.3	-7.2	377.05915	87	291	0
1884	1	-0.2	-8.2	458.3386935	141	291	0
1884	2	-0.8	-11	613.6085172	38	291	0
1884	3	5.2	-3	674.3276129	61	291	0
1884	4	10.6	0.9	766.0939	62	291	0
1884	5	20.7	7.5	848.8796613	36	291	0
1884	6	23.9	11.4	808.7287	56	291	0
1884	7	25.7	15.9	698.256	71	291	0
1884	8	21.5	11.4	731.1858387	43	291	0
1884	9	20	8.6	677.7667	21	291	0
1884	10	15.1	2.6	539.9254355	32	291	0
1884	11	8.9	0.4	349.3867	52	291	0
1884	12	-0.3	-7.2	377.05915	87	291	0
1885	1	-0.2	-8.2	458.3386935	141	291	0
1885	2	-0.8	-11	613.6085172	38	291	0
1885	3	5.2	-3	674.3276129	61	291	0
1885	4	10.6	0.9	766.0939	62	291	0
1885	5	20.7	7.5	848.8796613	36	291	0
1885	6	23.9	11.4	808.7287	56	291	0
1885	7	25.7	15.9	698.256	71	291	0
1885	8	21.5	11.4	731.1858387	43	291	0
1885	9	20	8.6	677.7667	21	291	0
1885	10	15.1	2.6	539.9254355	32	291	0
1885	11	8.9	0.4	349.3867	52	291	0
1885	12	-0.3	-7.2	377.05915	87	291	0
1886	1	-0.2	-8.2	458.3386935	141	291	0
1886	2	-0.8	-11	613.6085172	38	291	0
1886	3	5.2	-3	674.3276129	61	291	0
1886	4	10.6	0.9	766.0939	62	291	0
1886	5	20.7	7.5	848.8796613	36	291	0
1886	6	23.9	11.4	808.7287	56	291	0
1886	7	25.7	15.9	698.256	71	291	0
1886	8	21.5	11.4	731.1858387	43	291	0
1886	9	20	8.6	677.7667	21	291	0
1886	10	15.1	2.6	539.9254355	32	291	0
1886	11	8.9	0.4	349.3867	52	291	0
1886	12	-0.3	-7.2	377.05915	87	291	0
1887	1	-0.2	-8.2	458.3386935	141	292	0
1887	2	-0.8	-11	613.6085172	38	292	0
1887	3	5.2	-3	674.3276129	61	292	0
1887	4	10.6	0.9	766.0939	62	292	0
1887	5	20.7	7.5	848.8796613	36	292	0
1887	6	23.9	11.4	808.7287	56	292	0
1887	7	25.7	15.9	698.256	71	292	0
1887	8	21.5	11.4	731.1858387	43	292	0
1887	9	20	8.6	677.7667	21	292	0
1887	10	15.1	2.6	539.9254355	32	292	0
1887	11	8.9	0.4	349.3867	52	292	0
1887	12	-0.3	-7.2	377.05915	87	292	0
1888	1	-0.2	-8.2	458.3386935	141	292	0
1888	2	-0.8	-11	613.6085172	38	292	0
1888	3	5.2	-3	674.3276129	61	292	0
1888	4	10.6	0.9	766.0939	62	292	0
1888	5	20.7	7.5	848.8796613	36	292	0
1888	6	23.9	11.4	808.7287	56	292	0
1888	7	25.7	15.9	698.256	71	292	0
1888	8	21.5	11.4	731.1858387	43	292	0
1888	9	20	8.6	677.7667	21	292	0
1888	10	15.1	2.6	539.9254355	32	292	0
1888	11	8.9	0.4	349.3867	52	292	0
1888	12	-0.3	-7.2	377.05915	87	292	0
1889	1	-0.2	-8.2	458.3386935	141	292	0
1889	2	-0.8	-11	613.6085172	38	292	0
1889	3	5.2	-3	674.3276129	61	292	0
1889	4	10.6	0.9	766.0939	62	292	0
1889	5	20.7	7.5	848.8796613	36	292	0
1889	6	23.9	11.4	808.7287	56	292	0
1889	7	25.7	15.9	698.256	71	292	0
1889	8	21.5	11.4	731.1858387	43	292	0
1889	9	20	8.6	677.7667	21	292	0
1889	10	15.1	2.6	539.9254355	32	292	0
1889	11	8.9	0.4	349.3867	52	292	0
1889	12	-0.3	-7.2	377.05915	87	292	0
1890	1	-0.2	-8.2	458.3386935	141	292	0
1890	2	-0.8	-11	613.6085172	38	292	0
1890	3	5.2	-3	674.3276129	61	292	0
1890	4	10.6	0.9	766.0939	62	292	0
1890	5	20.7	7.5	848.8796613	36	292	0
1890	6	23.9	11.4	808.7287	56	292	0
1890	7	25.7	15.9	698.256	71	292	0
1890	8	21.5	11.4	731.1858387	43	292	0
1890	9	20	8.6	677.7667	21	292	0
1890	10	15.1	2.6	539.9254355	32	292	0
1890	11	8.9	0.4	349.3867	52	292	0
1890	12	-0.3	-7.2	377.05915	87	292	0
1891	1	-0.2	-8.2	458.3386935	141	292	0
1891	2	-0.8	-11	613.6085172	38	292	0
1891	3	5.2	-3	674.3276129	61	292	0
1891	4	10.6	0.9	766.0939	62	292	0
1891	5	20.7	7.5	848.8796613	36	292	0
1891	6	23.9	11.4	808.7287	56	292	0
1891	7	25.7	15.9	698.256	71	292	0
1891	8	21.5	11.4	731.1858387	43	292	0
1891	9	20	8.6	677.7667	21	292	0
1891	10	15.1	2.6	539.9254355	32	292	0
1891	11	8.9	0.4	349.3867	52	292	0
1891	12	-0.3	-7.2	377.05915	87	292	0
1892	1	-0.2	-8.2	458.3386935	141	293	0
1892	2	-0.8	-11	613.6085172	38	293	0
1892	3	5.2	-3	674.3276129	61	293	0
1892	4	10.6	0.9	766.0939	62	293	0
1892	5	20.7	7.5	848.8796613	36	293	0
1892	6	23.9	11.4	808.7287	56	293	0
1892	7	25.7	15.9	698.256	71	293	0
1892	8	21.5	11.4	731.1858387	43	293	0
1892	9	20	8.6	677.7667	21	293	0
1892	10	15.1	2.6	539.9254355	32	293	0
1892	11	8.9	0.4	349.3867	52	293	0
1892	12	-0.3	-7.2	377.05915	87	293	0
1893	1	-0.2	-8.2	458.3386935	141	293	0
1893	2	-0.8	-11	613.6085172	38	293	0
1893	3	5.2	-3	674.3276129	61	293	0
1893	4	10.6	0.9	766.0939	62	293	0
1893	5	20.7	7.5	848.8796613	36	293	0
1893	6	23.9	11.4	808.7287	56	293	0
1893	7	25.7	15.9	698.256	71	293	0
1893	8	21.5	11.4	731.1858387	43	293	0
1893	9	20	8.6	677.7667	21	293	0
1893	10	15.1	2.6	539.9254355	32	293	0
1893	11	8.9	0.4	349.3867	52	293	0
1893	12	-0.3	-7.2	377.05915	87	293	0
1894	1	-0.2	-8.2	458.3386935	141	293	0
1894	2	-0.8	-11	613.6085172	38	293	0
1894	3	5.2	-3	674.3276129	61	293	0
1894	4	10.6	0.9	766.0939	62	293	0
1894	5	20.7	7.5	848.8796613	36	293	0
1894	6	23.9	11.4	808.7287	56	293	0
1894	7	25.7	15.9	698.256	71	293	0
1894	8	21.5	11.4	731.1858387	43	293	0
1894	9	20	8.6	677.7667	21	293	0
1894	10	15.1	2.6	539.9254355	32	293	0
1894	11	8.9	0.4	349.3867	52	293	0
1894	12	-0.3	-7.2	377.05915	87	293	0
1895	1	-0.2	-8.2	458.3386935	141	293	0
1895	2	-0.8	-11	613.6085172	38	293	0
1895	3	5.2	-3	674.3276129	61	293	0
1895	4	10.6	0.9	766.0939	62	293	0
1895	5	20.7	7.5	848.8796613	36	293	0
1895	6	23.9	11.4	808.7287	56	293	0
1895	7	25.7	15.9	698.256	71	293	0
1895	8	21.5	11.4	731.1858387	43	293	0
1895	9	20	8.6	677.7667	21	293	0
1895	10	15.1	2.6	539.9254355	32	293	0
1895	11	8.9	0.4	349.3867	52	293	0
1895	12	-0.3	-7.2	377.05915	87	293	0
1896	1	-0.2	-8.2	458.3386935	141	293	0
1896	2	-0.8	-11	613.6085172	38	293	0
1896	3	5.2	-3	674.3276129	61	293	0
1896	4	10.6	0.9	766.0939	62	293	0
1896	5	20.7	7.5	848.8796613	36	293	0
1896	6	23.9	11.4	808.7287	56	293	0
1896	7	25.7	15.9	698.256	71	293	0
1896	8	21.5	11.4	731.1858387	43	293	0
1896	9	20	8.6	677.7667	21	293	0
1896	10	15.1	2.6	539.9254355	32	293	0
1896	11	8.9	0.4	349.3867	52	293	0
1896	12	-0.3	-7.2	377.05915	87	293	0
1897	1	-0.2	-8.2	458.3386935	141	294	0
1897	2	-0.8	-11	613.6085172	38	294	0
1897	3	5.2	-3	674.3276129	61	294	0
1897	4	10.6	0.9	766.0939	62	294	0
1897	5	20.7	7.5	848.8796613	36	294	0
1897	6	23.9	11.4	808.7287	56	294	0
1897	7	25.7	15.9	698.256	71	294	0
1897	8	21.5	11.4	731.1858387	43	294	0
1897	9	20	8.6	677.7667	21	294	0
1897	10	15.1	2.6	539.9254355	32	294	0
1897	11	8.9	0.4	349.3867	52	294	0
1897	12	-0.3	-7.2	377.05915	87	294	0
1898	1	-0.2	-8.2	458.3386935	141	294	0
1898	2	-0.8	-11	613.6085172	38	294	0
1898	3	5.2	-3	674.3276129	61	294	0
1898	4	10.6	0.9	766.0939	62	294	0
1898	5	20.7	7.5	848.8796613	36	294	0
1898	6	23.9	11.4	808.7287	56	294	0
1898	7	25.7	15.9	698.256	71	294	0
1898	8	21.5	11.4	731.1858387	43	294	0
1898	9	20	8.6	677.7667	21	294	0
1898	10	15.1	2.6	539.9254355	32	294	0
1898	11	8.9	0.4	349.3867	52	294	0
1898	12	-0.3	-7.2	377.05915	87	294	0
1899	1	-0.2	-8.2	458.3386935	141	294	0
1899	2	-0.8	-11	613.6085172	38	294	0
1899	3	5.2	-3	674.3276129	61	294	0
1899	4	10.6	0.9	766.0939	62	294	0
1899	5	20.7	7.5	848.8796613	36	294	0
1899	6	23.9	11.4	808.7287	56	294	0
1899	7	25.7	15.9	698.256	71	294	0
1899	8	21.5	11.4	731.1858387	43	294	0
1899	9	20	8.6	677.7667	21	294	0
1899	10	15.1	2.6	539.9254355	32	294	0
1899	11	8.9	0.4	349.3867	52	294	0
1899	12	-0.3	-7.2	377.05915	87	294	0
1900	1	-0.2	-8.2	458.3386935	141	294	0
1900	2	-0.8	-11	613.6085172	38	294	0
1900	3	5.2	-3	674.3276129	61	294	0
1900	4	10.6	0.9	766.0939	62	294	0
1900	5	20.7	7.5	848.8796613	36	294	0
1900	6	23.9	11.4	808.7287	56	294	0
1900	7	25.7	15.9	698.256	71	294	0
1900	8	21.5	11.4	731.1858387	43	294	0
1900	9	20	8.6	677.7667	21	294	0
1900	10	15.1	2.6	539.9254355	32	294	0
1900	11	8.9	0.4	349.3867	52	294	0
1900	12	-0.3	-7.2	377.05915	87	294	0
1901	1	-0.2	-8.2	458.3386935	141	295	0
1901	2	-0.8	-11	613.6085172	38	295	0
1901	3	5.2	-3	674.3276129	61	295	0
1901	4	10.6	0.9	766.0939	62	295	0
1901	5	20.7	7.5	848.8796613	36	295	0
1901	6	23.9	11.4	808.7287	56	295	0
1901	7	25.7	15.9	698.256	71	295	0
1901	8	21.5	11.4	731.1858387	43	295	0
1901	9	20	8.6	677.7667	21	295	0
1901	10	15.1	2.6	539.9254355	32	295	0
1901	11	8.9	0.4	349.3867	52	295	0
1901	12	-0.3	-7.2	377.05915	87	295	0
1902	1	-0.2	-8.2	458.3386935	141	295	0
1902	2	-0.8	-11	613.6085172	38	295	0
1902	3	5.2	-3	674.3276129	61	295	0
1902	4	10.6	0.9	766.0939	62	295	0
1902	5	20.7	7.5	848.8796613	36	295	0
1902	6	23.9	11.4	808.7287	56	295	0
1902	7	25.7	15.9	698.256	71	295	0
1902	8	21.5	11.4	731.1858387	43	295	0
1902	9	20	8.6	677.7667	21	295	0
1902	10	15.1	2.6	539.9254355	32	295	0
1902	11	8.9	0.4	349.3867	52	295	0
1902	12	-0.3	-7.2	377.05915	87	295	0
1903	1	-0.2	-8.2	458.3386935	141	295	0
1903	2	-0.8	-11	613.6085172	38	295	0
1903	3	5.2	-3	674.3276129	61	295	0
1903	4	10.6	0.9	766.0939	62	295	0
1903	5	20.7	7.5	848.8796613	36	295	0
1903	6	23.9	11.4	808.7287	56	295	0
1903	7	25.7	15.9	698.256	71	295	0
1903	8	21.5	11.4	731.1858387	43	295	0
1903	9	20	8.6	677.7667	21	295	0
1903	10	15.1	2.6	539.9254355	32	295	0
1903	11	8.9	0.4	349.3867	52	295	0
1903	12	-0.3	-7.2	377.05915	87	295	0
1904	1	-0.2	-8.2	458.3386935	141	295	0
1904	2	-0.8	-11	613.6085172	38	295	0
1904	3	5.2	-3	674.3276129	61	295	0
1904	4	10.6	0.9	766.0939	62	295	0
1904	5	20.7	7.5	848.8796613	36	295	0
1904	6	23.9	11.4	808.7287	56	295	0
1904	7	25.7	15.9	698.256	71	295	0
1904	8	21.5	11.4	731.1858387	43	295	0
1904	9	20	8.6	677.7667	21	295	0
1904	10	15.1	2.6	539.9254355	32	295	0
1904	11	8.9	0.4	349.3867	52	295	0
1904	12	-0.3	-7.2	377.05915	87	295	0
1905	1	-0.2	-8.2	458.3386935	141	296	0
1905	2	-0.8	-11	613.6085172	38	296	0
1905	3	5.2	-3	674.3276129	61	296	0
1905	4	10.6	0.9	766.0939	62	296	0
1905	5	20.7	7.5	848.8796613	36	296	0
1905	6	23.9	11.4	808.7287	56	296	0
1905	7	25.7	15.9	698.256	71	296	0
1905	8	21.5	11.4	731.1858387	43	296	0
1905	9	20	8.6	677.7667	21	296	0
1905	10	15.1	2.6	539.9254355	32	296	0
1905	11	8.9	0.4	349.3867	52	296	0
1905	12	-0.3	-7.2	377.05915	87	296	0
1906	1	-0.2	-8.2	458.3386935	141	296	0
1906	2	-0.8	-11	613.6085172	38	296	0
1906	3	5.2	-3	674.3276129	61	296	0
1906	4	10.6	0.9	766.0939	62	296	0
1906	5	20.7	7.5	848.8796613	36	296	0
1906	6	23.9	11.4	808.7287	56	296	0
1906	7	25.7	15.9	698.256	71	296	0
1906	8	21.5	11.4	731.1858387	43	296	0
1906	9	20	8.6	677.7667	21	296	0
1906	10	15.1	2.6	539.9254355	32	296	0
1906	11	8.9	0.4	349.3867	52	296	0
1906	12	-0.3	-7.2	377.05915	87	296	0
1907	1	-0.2	-8.2	458.3386935	141	296	0
1907	2	-0.8	-11	613.6085172	38	296	0
1907	3	5.2	-3	674.3276129	61	296	0
1907	4	10.6	0.9	766.0939	62	296	0
1907	5	20.7	7.5	848.8796613	36	296	0
1907	6	23.9	11.4	808.7287	56	296	0
1907	7	25.7	15.9	698.256	71	296	0
1907	8	21.5	11.4	731.1858387	43	296	0
1907	9	20	8.6	677.7667	21	296	0
1907	10	15.1	2.6	539.9254355	32	296	0
1907	11	8.9	0.4	349.3867	52	296	0
1907	12	-0.3	-7.2	377.05915	87	296	0
1908	1	-0.2	-8.2	458.3386935	141	296	0
1908	2	-0.8	-11	613.6085172	38	296	0
1908	3	5.2	-3	674.3276129	61	296	0
1908	4	10.6	0.9	766.0939	62	296	0
1908	5	20.7	7.5	848.8796613	36	296	0
1908	6	23.9	11.4	808.7287	56	296	0
1908	7	25.7	15.9	698.256	71	296	0
1908	8	21.5	11.4	731.1858387	43	296	0
1908	9	20	8.6	677.7667	21	296	0
1908	10	15.1	2.6	539.9254355	32	296	0
1908	11	8.9	0.4	349.3867	52	296	0
1908	12	-0.3	-7.2	377.05915	87	296	0
1909	1	-0.2	-8.2	458.3386935	141	297	0
1909	2	-0.8	-11	613.6085172	38	297	0
1909	3	5.2	-3	674.3276129	61	297	0
1909	4	10.6	0.9	766.0939	62	297	0
1909	5	20.7	7.5	848.8796613	36	297	0
1909	6	23.9	11.4	808.7287	56	297	0
1909	7	25.7	15.9	698.256	71	297	0
1909	8	21.5	11.4	731.1858387	43	297	0
1909	9	20	8.6	677.7667	21	297	0
1909	10	15.1	2.6	539.9254355	32	297	0
1909	11	8.9	0.4	349.3867	52	297	0
1909	12	-0.3	-7.2	377.05915	87	297	0
1910	1	-0.2	-8.2	458.3386935	141	297	0
1910	2	-0.8	-11	613.6085172	38	297	0
1910	3	5.2	-3	674.3276129	61	297	0
1910	4	10.6	0.9	766.0939	62	297	0
1910	5	20.7	7.5	848.8796613	36	297	0
1910	6	23.9	11.4	808.7287	56	297	0
1910	7	25.7	15.9	698.256	71	297	0
1910	8	21.5	11.4	731.1858387	43	297	0
1910	9	20	8.6	677.7667	21	297	0
1910	10	15.1	2.6	539.9254355	32	297	0
1910	11	8.9	0.4	349.3867	52	297	0
1910	12	-0.3	-7.2	377.05915	87	297	0
1911	1	-0.2	-8.2	458.3386935	141	297	0
1911	2	-0.8	-11	613.6085172	38	297	0
1911	3	5.2	-3	674.3276129	61	297	0
1911	4	10.6	0.9	766.0939	62	297	0
1911	5	20.7	7.5	848.8796613	36	297	0
1911	6	23.9	11.4	808.7287	56	297	0
1911	7	25.7	15.9	698.256	71	297	0
1911	8	21.5	11.4	731.1858387	43	297	0
1911	9	20	8.6	677.7667	21	297	0
1911	10	15.1	2.6	539.9254355	32	297	0
1911	11	8.9	0.4	349.3867	52	297	0
1911	12	-0.3	-7.2	377.05915	87	297	0
1912	1	-0.2	-8.2	458.3386935	141	297	0
1912	2	-0.8	-11	613.6085172	38	297	0
1912	3	5.2	-3	674.3276129	61	297	0
1912	4	10.6	0.9	766.0939	62	297	0
1912	5	20.7	7.5	848.8796613	36	297	0
1912	6	23.9	11.4	808.7287	56	297	0
1912	7	25.7	15.9	698.256	71	297	0
1912	8	21.5	11.4	731.1858387	43	297	0
1912	9	20	8.6	677.7667	21	297	0
1912	10	15.1	2.6	539.9254355	32	297	0
1912	11	8.9	0.4	349.3867	52	297	0
1912	12	-0.3	-7.2	377.05915	87	297	0
1913	1	-0.2	-8.2	458.3386935	141	298	0
1913	2	-0.8	-11	613.6085172	38	298	0
1913	3	5.2	-3	674.3276129	61	298	0
1913	4	10.6	0.9	766.0939	62	298	0
1913	5	20.7	7.5	848.8796613	36	298	0
1913	6	23.9	11.4	808.7287	56	298	0
1913	7	25.7	15.9	698.256	71	298	0
1913	8	21.5	11.4	731.1858387	43	298	0
1913	9	20	8.6	677.7667	21	298	0
1913	10	15.1	2.6	539.9254355	32	298	0
1913	11	8.9	0.4	349.3867	52	298	0
1913	12	-0.3	-7.2	377.05915	87	298	0
1914	1	-0.2	-8.2	458.3386935	141	298	0
1914	2	-0.8	-11	613.6085172	38	298	0
1914	3	5.2	-3	674.3276129	61	298	0
1914	4	10.6	0.9	766.0939	62	298	0
1914	5	20.7	7.5	848.8796613	36	298	0
1914	6	23.9	11.4	808.7287	56	298	0
1914	7	25.7	15.9	698.256	71	298	0
1914	8	21.5	11.4	731.1858387	43	298	0
1914	9	20	8.6	677.7667	21	298	0
1914	10	15.1	2.6	539.9254355	32	298	0
1914	11	8.9	0.4	349.3867	52	298	0
1914	12	-0.3	-7.2	377.05915	87	298	0
1915	1	-0.2	-8.2	458.3386935	141	298	0
1915	2	-0.8	-11	613.6085172	38	298	0
1915	3	5.2	-3	674.3276129	61	298	0
1915	4	10.6	0.9	766.0939	62	298	0
1915	5	20.7	7.5	848.8796613	36	298	0
1915	6	23.9	11.4	808.7287	56	298	0
1915	7	25.7	15.9	698.256	71	298	0
1915	8	21.5	11.4	731.1858387	43	298	0
1915	9	20	8.6	677.7667	21	298	0
1915	10	15.1	2.6	539.9254355	32	298	0
1915	11	8.9	0.4	349.3867	52	298	0
1915	12	-0.3	-7.2	377.05915	87	298	0
1916	1	-0.2	-8.2	458.3386935	141	299	0
1916	2	-0.8	-11	613.6085172	38	299	0
1916	3	5.2	-3	674.3276129	61	299	0
1916	4	10.6	0.9	766.0939	62	299	0
1916	5	20.7	7.5	848.8796613	36	299	0
1916	6	23.9	11.4	808.7287	56	299	0
1916	7	25.7	15.9	698.256	71	299	0
1916	8	21.5	11.4	731.1858387	43	299	0
1916	9	20	8.6	677.7667	21	299	0
1916	10	15.1	2.6	539.9254355	32	299	0
1916	11	8.9	0.4	349.3867	52	299	0
1916	12	-0.3	-7.2	377.05915	87	299	0
1917	1	-0.2	-8.2	458.3386935	141	299	0
1917	2	-0.8	-11	613.6085172	38	299	0
1917	3	5.2	-3	674.3276129	61	299	0
1917	4	10.6	0.9	766.0939	62	299	0
1917	5	20.7	7.5	848.8796613	36	299	0
1917	6	23.9	11.4	808.7287	56	299	0
1917	7	25.7	15.9	698.256	71	299	0
1917	8	21.5	11.4	731.1858387	43	299	0
1917	9	20	8.6	677.7667	21	299	0
1917	10	15.1	2.6	539.9254355	32	299	0
1917	11	8.9	0.4	349.3867	52	299	0
1917	12	-0.3	-7.2	377.05915	87	299	0
1918	1	-0.2	-8.2	458.3386935	141	299	0
1918	2	-0.8	-11	613.6085172	38	299	0
1918	3	5.2	-3	674.3276129	61	299	0
1918	4	10.6	0.9	766.0939	62	299	0
1918	5	20.7	7.5	848.8796613	36	299	0
1918	6	23.9	11.4	808.7287	56	299	0
1918	7	25.7	15.9	698.256	71	299	0
1918	8	21.5	11.4	731.1858387	43	299	0
1918	9	20	8.6	677.7667	21	299	0
1918	10	15.1	2.6	539.9254355	32	299	0
1918	11	8.9	0.4	349.3867	52	299	0
1918	12	-0.3	-7.2	377.05915	87	299	0
1919	1	-0.2	-8.2	458.3386935	141	300	0
1919	2	-0.8	-11	613.6085172	38	300	0
1919	3	5.2	-3	674.3276129	61	300	0
1919	4	10.6	0.9	766.0939	62	300	0
1919	5	20.7	7.5	848.8796613	36	300	0
1919	6	23.9	11.4	808.7287	56	300	0
1919	7	25.7	15.9	698.256	71	300	0
1919	8	21.5	11.4	731.1858387	43	300	0
1919	9	20	8.6	677.7667	21	300	0
1919	10	15.1	2.6	539.9254355	32	300	0
1919	11	8.9	0.4	349.3867	52	300	0
1919	12	-0.3	-7.2	377.05915	87	300	0
1920	1	-0.2	-8.2	458.3386935	141	300	0
1920	2	-0.8	-11	613.6085172	38	300	0
1920	3	5.2	-3	674.3276129	61	300	0
1920	4	10.6	0.9	766.0939	62	300	0
1920	5	20.7	7.5	848.8796613	36	300	0
1920	6	23.9	11.4	808.7287	56	300	0
1920	7	25.7	15.9	698.256	71	300	0
1920	8	21.5	11.4	731.1858387	43	300	0
1920	9	20	8.6	677.7667	21	300	0
1920	10	15.1	2.6	539.9254355	32	300	0
1920	11	8.9	0.4	349.3867	52	300	0
1920	12	-0.3	-7.2	377.05915	87	300	0
1921	1	-0.2	-8.2	458.3386935	141	300	0
1921	2	-0.8	-11	613.6085172	38	300	0
1921	3	5.2	-3	674.3276129	61	300	0
1921	4	10.6	0.9	766.0939	62	300	0
1921	5	20.7	7.5	848.8796613	36	300	0
1921	6	23.9	11.4	808.7287	56	300	0
1921	7	25.7	15.9	698.256	71	300	0
1921	8	21.5	11.4	731.1858387	43	300	0
1921	9	20	8.6	677.7667	21	300	0
1921	10	15.1	2.6	539.9254355	32	300	0
1921	11	8.9	0.4	349.3867	52	300	0
1921	12	-0.3	-7.2	377.05915	87	300	0
1922	1	-0.2	-8.2	458.3386935	141	301	0
1922	2	-0.8	-11	613.6085172	38	301	0
1922	3	5.2	-3	674.3276129	61	301	0
1922	4	10.6	0.9	766.0939	62	301	0
1922	5	20.7	7.5	848.8796613	36	301	0
1922	6	23.9	11.4	808.7287	56	301	0
1922	7	25.7	15.9	698.256	71	301	0
1922	8	21.5	11.4	731.1858387	43	301	0
1922	9	20	8.6	677.7667	21	301	0
1922	10	15.1	2.6	539.9254355	32	301	0
1922	11	8.9	0.4	349.3867	52	301	0
1922	12	-0.3	-7.2	377.05915	87	301	0
1923	1	-0.2	-8.2	458.3386935	141	301	0
1923	2	-0.8	-11	613.6085172	38	301	0
1923	3	5.2	-3	674.3276129	61	301	0
1923	4	10.6	0.9	766.0939	62	301	0
1923	5	20.7	7.5	848.8796613	36	301	0
1923	6	23.9	11.4	808.7287	56	301	0
1923	7	25.7	15.9	698.256	71	301	0
1923	8	21.5	11.4	731.1858387	43	301	0
1923	9	20	8.6	677.7667	21	301	0
1923	10	15.1	2.6	539.9254355	32	301	0
1923	11	8.9	0.4	349.3867	52	301	0
1923	12	-0.3	-7.2	377.05915	87	301	0
1924	1	-0.2	-8.2	458.3386935	141	302	0
1924	2	-0.8	-11	613.6085172	38	302	0
1924	3	5.2	-3	674.3276129	61	302	0
1924	4	10.6	0.9	766.0939	62	302	0
1924	5	20.7	7.5	848.8796613	36	302	0
1924	6	23.9	11.4	808.7287	56	302	0
1924	7	25.7	15.9	698.256	71	302	0
1924	8	21.5	11.4	731.1858387	43	302	0
1924	9	20	8.6	677.7667	21	302	0
1924	10	15.1	2.6	539.9254355	32	302	0
1924	11	8.9	0.4	349.3867	52	302	0
1924	12	-0.3	-7.2	377.05915	87	302	0
1925	1	-0.2	-8.2	458.3386935	141	302	0
1925	2	-0.8	-11	613.6085172	38	302	0
1925	3	5.2	-3	674.3276129	61	302	0
1925	4	10.6	0.9	766.0939	62	302	0
1925	5	20.7	7.5	848.8796613	36	302	0
1925	6	23.9	11.4	808.7287	56	302	0
1925	7	25.7	15.9	698.256	71	302	0
1925	8	21.5	11.4	731.1858387	43	302	0
1925	9	20	8.6	677.7667	21	302	0
1925	10	15.1	2.6	539.9254355	32	302	0
1925	11	8.9	0.4	349.3867	52	302	0
1925	12	-0.3	-7.2	377.05915	87	302	0
1926	1	-0.2	-8.2	458.3386935	141	302	0
1926	2	-0.8	-11	613.6085172	38	302	0
1926	3	5.2	-3	674.3276129	61	302	0
1926	4	10.6	0.9	766.0939	62	302	0
1926	5	20.7	7.5	848.8796613	36	302	0
1926	6	23.9	11.4	808.7287	56	302	0
1926	7	25.7	15.9	698.256	71	302	0
1926	8	21.5	11.4	731.1858387	43	302	0
1926	9	20	8.6	677.7667	21	302	0
1926	10	15.1	2.6	539.9254355	32	302	0
1926	11	8.9	0.4	349.3867	52	302	0
1926	12	-0.3	-7.2	377.05915	87	302	0
1927	1	-0.2	-8.2	458.3386935	141	303	0
1927	2	-0.8	-11	613.6085172	38	303	0
1927	3	5.2	-3	674.3276129	61	303	0
1927	4	10.6	0.9	766.0939	62	303	0
1927	5	20.7	7.5	848.8796613	36	303	0
1927	6	23.9	11.4	808.7287	56	303	0
1927	7	25.7	15.9	698.256	71	303	0
1927	8	21.5	11.4	731.1858387	43	303	0
1927	9	20	8.6	677.7667	21	303	0
1927	10	15.1	2.6	539.9254355	32	303	0
1927	11	8.9	0.4	349.3867	52	303	0
1927	12	-0.3	-7.2	377.05915	87	303	0
1928	1	-0.2	-8.2	458.3386935	141	303	0
1928	2	-0.8	-11	613.6085172	38	303	0
1928	3	5.2	-3	674.3276129	61	303	0
1928	4	10.6	0.9	766.0939	62	303	0
1928	5	20.7	7.5	848.8796613	36	303	0
1928	6	23.9	11.4	808.7287	56	303	0
1928	7	25.7	15.9	698.256	71	303	0
1928	8	21.5	11.4	731.1858387	43	303	0
1928	9	20	8.6	677.7667	21	303	0
1928	10	15.1	2.6	539.9254355	32	303	0
1928	11	8.9	0.4	349.3867	52	303	0
1928	12	-0.3	-7.2	377.05915	87	303	0
1929	1	-0.2	-8.2	458.3386935	141	303	0
1929	2	-0.8	-11	613.6085172	38	303	0
1929	3	5.2	-3	674.3276129	61	303	0
1929	4	10.6	0.9	766.0939	62	303	0
1929	5	20.7	7.5	848.8796613	36	303	0
1929	6	23.9	11.4	808.7287	56	303	0
1929	7	25.7	15.9	698.256	71	303	0
1929	8	21.5	11.4	731.1858387	43	303	0
1929	9	20	8.6	677.7667	21	303	0
1929	10	15.1	2.6	539.9254355	32	303	0
1929	11	8.9	0.4	349.3867	52	303	0
1929	12	-0.3	-7.2	377.05915	87	303	0
1930	1	-0.2	-8.2	458.3386935	141	304	0
1930	2	-0.8	-11	613.6085172	38	304	0
1930	3	5.2	-3	674.3276129	61	304	0
1930	4	10.6	0.9	766.0939	62	304	0
1930	5	20.7	7.5	848.8796613	36	304	0
1930	6	23.9	11.4	808.7287	56	304	0
1930	7	25.7	15.9	698.256	71	304	0
1930	8	21.5	11.4	731.1858387	43	304	0
1930	9	20	8.6	677.7667	21	304	0
1930	10	15.1	2.6	539.9254355	32	304	0
1930	11	8.9	0.4	349.3867	52	304	0
1930	12	-0.3	-7.2	377.05915	87	304	0
1931	1	-0.2	-8.2	458.3386935	141	304	0
1931	2	-0.8	-11	613.6085172	38	304	0
1931	3	5.2	-3	674.3276129	61	304	0
1931	4	10.6	0.9	766.0939	62	304	0
1931	5	20.7	7.5	848.8796613	36	304	0
1931	6	23.9	11.4	808.7287	56	304	0
1931	7	25.7	15.9	698.256	71	304	0
1931	8	21.5	11.4	731.1858387	43	304	0
1931	9	20	8.6	677.7667	21	304	0
1931	10	15.1	2.6	539.9254355	32	304	0
1931	11	8.9	0.4	349.3867	52	304	0
1931	12	-0.3	-7.2	377.05915	87	304	0
1932	1	-0.2	-8.2	458.3386935	141	305	0
1932	2	-0.8	-11	613.6085172	38	305	0
1932	3	5.2	-3	674.3276129	61	305	0
1932	4	10.6	0.9	766.0939	62	305	0
1932	5	20.7	7.5	848.8796613	36	305	0
1932	6	23.9	11.4	808.7287	56	305	0
1932	7	25.7	15.9	698.256	71	305	0
1932	8	21.5	11.4	731.1858387	43	305	0
1932	9	20	8.6	677.7667	21	305	0
1932	10	15.1	2.6	539.9254355	32	305	0
1932	11	8.9	0.4	349.3867	52	305	0
1932	12	-0.3	-7.2	377.05915	87	305	0
1933	1	-0.2	-8.2	458.3386935	141	305	0
1933	2	-0.8	-11	613.6085172	38	305	0
1933	3	5.2	-3	674.3276129	61	305	0
1933	4	10.6	0.9	766.0939	62	305	0
1933	5	20.7	7.5	848.8796613	36	305	0
1933	6	23.9	11.4	808.7287	56	305	0
1933	7	25.7	15.9	698.256	71	305	0
1933	8	21.5	11.4	731.1858387	43	305	0
1933	9	20	8.6	677.7667	21	305	0
1933	10	15.1	2.6	539.9254355	32	305	0
1933	11	8.9	0.4	349.3867	52	305	0
1933	12	-0.3	-7.2	377.05915	87	305	0
1934	1	-0.2	-8.2	458.3386935	141	306	0
1934	2	-0.8	-11	613.6085172	38	306	0
1934	3	5.2	-3	674.3276129	61	306	0
1934	4	10.6	0.9	766.0939	62	306	0
1934	5	20.7	7.5	848.8796613	36	306	0
1934	6	23.9	11.4	808.7287	56	306	0
1934	7	25.7	15.9	698.256	71	306	0
1934	8	21.5	11.4	731.1858387	43	306	0
1934	9	20	8.6	677.7667	21	306	0
1934	10	15.1	2.6	539.9254355	32	306	0
1934	11	8.9	0.4	349.3867	52	306	0
1934	12	-0.3	-7.2	377.05915	87	306	0
1935	1	-0.2	-8.2	458.3386935	141	306	0
1935	2	-0.8	-11	613.6085172	38	306	0
1935	3	5.2	-3	674.3276129	61	306	0
1935	4	10.6	0.9	766.0939	62	306	0
1935	5	20.7	7.5	848.8796613	36	306	0
1935	6	23.9	11.4	808.7287	56	306	0
1935	7	25.7	15.9	698.256	71	306	0
1935	8	21.5	11.4	731.1858387	43	306	0
1935	9	20	8.6	677.7667	21	306	0
1935	10	15.1	2.6	539.9254355	32	306	0
1935	11	8.9	0.4	349.3867	52	306	0
1935	12	-0.3	-7.2	377.05915	87	306	0
1936	1	-0.2	-8.2	458.3386935	141	307	0
1936	2	-0.8	-11	613.6085172	38	307	0
1936	3	5.2	-3	674.3276129	61	307	0
1936	4	10.6	0.9	766.0939	62	307	0
1936	5	20.7	7.5	848.8796613	36	307	0
1936	6	23.9	11.4	808.7287	56	307	0
1936	7	25.7	15.9	698.256	71	307	0
1936	8	21.5	11.4	731.1858387	43	307	0
1936	9	20	8.6	677.7667	21	307	0
1936	10	15.1	2.6	539.9254355	32	307	0
1936	11	8.9	0.4	349.3867	52	307	0
1936	12	-0.3	-7.2	377.05915	87	307	0
1937	1	-0.2	-8.2	458.3386935	141	307	0
1937	2	-0.8	-11	613.6085172	38	307	0
1937	3	5.2	-3	674.3276129	61	307	0
1937	4	10.6	0.9	766.0939	62	307	0
1937	5	20.7	7.5	848.8796613	36	307	0
1937	6	23.9	11.4	808.7287	56	307	0
1937	7	25.7	15.9	698.256	71	307	0
1937	8	21.5	11.4	731.1858387	43	307	0
1937	9	20	8.6	677.7667	21	307	0
1937	10	15.1	2.6	539.9254355	32	307	0
1937	11	8.9	0.4	349.3867	52	307	0
1937	12	-0.3	-7.2	377.05915	87	307	0
1938	1	-0.2	-8.2	458.3386935	141	308	0
1938	2	-0.8	-11	613.6085172	38	308	0
1938	3	5.2	-3	674.3276129	61	308	0
1938	4	10.6	0.9	766.0939	62	308	0
1938	5	20.7	7.5	848.8796613	36	308	0
1938	6	23.9	11.4	808.7287	56	308	0
1938	7	25.7	15.9	698.256	71	308	0
1938	8	21.5	11.4	731.1858387	43	308	0
1938	9	20	8.6	677.7667	21	308	0
1938	10	15.1	2.6	539.9254355	32	308	0
1938	11	8.9	0.4	349.3867	52	308	0
1938	12	-0.3	-7.2	377.05915	87	308	0
1939	1	-0.2	-8.2	458.3386935	141	308	0
1939	2	-0.8	-11	613.6085172	38	308	0
1939	3	5.2	-3	674.3276129	61	308	0
1939	4	10.6	0.9	766.0939	62	308	0
1939	5	20.7	7.5	848.8796613	36	308	0
1939	6	23.9	11.4	808.7287	56	308	0
1939	7	25.7	15.9	698.256	71	308	0
1939	8	21.5	11.4	731.1858387	43	308	0
1939	9	20	8.6	677.7667	21	308	0
1939	10	15.1	2.6	539.9254355	32	308	0
1939	11	8.9	0.4	349.3867	52	308	0
1939	12	-0.3	-7.2	377.05915	87	308	0
1940	1	-0.2	-8.2	458.3386935	141	309	0
1940	2	-0.8	-11	613.6085172	38	309	0
1940	3	5.2	-3	674.3276129	61	309	0
1940	4	10.6	0.9	766.0939	62	309	0
1940	5	20.7	7.5	848.8796613	36	309	0
1940	6	23.9	11.4	808.7287	56	309	0
1940	7	25.7	15.9	698.256	71	309	0
1940	8	21.5	11.4	731.1858387	43	309	0
1940	9	20	8.6	677.7667	21	309	0
1940	10	15.1	2.6	539.9254355	32	309	0
1940	11	8.9	0.4	349.3867	52	309	0
1940	12	-0.3	-7.2	377.05915	87	309	0
1941	1	-0.2	-8.2	458.3386935	141	309	0
1941	2	-0.8	-11	613.6085172	38	309	0
1941	3	5.2	-3	674.3276129	61	309	0
1941	4	10.6	0.9	766.0939	62	309	0
1941	5	20.7	7.5	848.8796613	36	309	0
1941	6	23.9	11.4	808.7287	56	309	0
1941	7	25.7	15.9	698.256	71	309	0
1941	8	21.5	11.4	731.1858387	43	309	0
1941	9	20	8.6	677.7667	21	309	0
1941	10	15.1	2.6	539.9254355	32	309	0
1941	11	8.9	0.4	349.3867	52	309	0
1941	12	-0.3	-7.2	377.05915	87	309	0
1942	1	-0.2	-8.2	458.3386935	141	310	0
1942	2	-0.8	-11	613.6085172	38	310	0
1942	3	5.2	-3	674.3276129	61	310	0
1942	4	10.6	0.9	766.0939	62	310	0
1942	5	20.7	7.5	848.8796613	36	310	0
1942	6	23.9	11.4	808.7287	56	310	0
1942	7	25.7	15.9	698.256	71	310	0
1942	8	21.5	11.4	731.1858387	43	310	0
1942	9	20	8.6	677.7667	21	310	0
1942	10	15.1	2.6	539.9254355	32	310	0
1942	11	8.9	0.4	349.3867	52	310	0
1942	12	-0.3	-7.2	377.05915	87	310	0
1943	1	-0.2	-8.2	458.3386935	141	310	0
1943	2	-0.8	-11	613.6085172	38	310	0
1943	3	5.2	-3	674.3276129	61	310	0
1943	4	10.6	0.9	766.0939	62	310	0
1943	5	20.7	7.5	848.8796613	36	310	0
1943	6	23.9	11.4	808.7287	56	310	0
1943	7	25.7	15.9	698.256	71	310	0
1943	8	21.5	11.4	731.1858387	43	310	0
1943	9	20	8.6	677.7667	21	310	0
1943	10	15.1	2.6	539.9254355	32	310	0
1943	11	8.9	0.4	349.3867	52	310	0
1943	12	-0.3	-7.2	377.05915	87	310	0
1944	1	-0.2	-8.2	458.3386935	141	311	0
1944	2	-0.8	-11	613.6085172	38	311	0
1944	3	5.2	-3	674.3276129	61	311	0
1944	4	10.6	0.9	766.0939	62	311	0
1944	5	20.7	7.5	848.8796613	36	311	0
1944	6	23.9	11.4	808.7287	56	311	0
1944	7	25.7	15.9	698.256	71	311	0
1944	8	21.5	11.4	731.1858387	43	311	0
1944	9	20	8.6	677.7667	21	311	0
1944	10	15.1	2.6	539.9254355	32	311	0
1944	11	8.9	0.4	349.3867	52	311	0
1944	12	-0.3	-7.2	377.05915	87	311	0
1945	1	-0.2	-8.2	458.3386935	141	311	0
1945	2	-0.8	-11	613.6085172	38	311	0
1945	3	5.2	-3	674.3276129	61	311	0
1945	4	10.6	0.9	766.0939	62	311	0
1945	5	20.7	7.5	848.8796613	36	311	0
1945	6	23.9	11.4	808.7287	56	311	0
1945	7	25.7	15.9	698.256	71	311	0
1945	8	21.5	11.4	731.1858387	43	311	0
1945	9	20	8.6	677.7667	21	311	0
1945	10	15.1	2.6	539.9254355	32	311	0
1945	11	8.9	0.4	349.3867	52	311	0
1945	12	-0.3	-7.2	377.05915	87	311	0
1946	1	-0.2	-8.2	458.3386935	141	312	0
1946	2	-0.8	-11	613.6085172	38	312	0
1946	3	5.2	-3	674.3276129	61	312	0
1946	4	10.6	0.9	766.0939	62	312	0
1946	5	20.7	7.5	848.8796613	36	312	0
1946	6	23.9	11.4	808.7287	56	312	0
1946	7	25.7	15.9	698.256	71	312	0
1946	8	21.5	11.4	731.1858387	43	312	0
1946	9	20	8.6	677.7667	21	312	0
1946	10	15.1	2.6	539.9254355	32	312	0
1946	11	8.9	0.4	349.3867	52	312	0
1946	12	-0.3	-7.2	377.05915	87	312	0
1947	1	-0.2	-8.2	458.3386935	141	312	0
1947	2	-0.8	-11	613.6085172	38	312	0
1947	3	5.2	-3	674.3276129	61	312	0
1947	4	10.6	0.9	766.0939	62	312	0
1947	5	20.7	7.5	848.8796613	36	312	0
1947	6	23.9	11.4	808.7287	56	312	0
1947	7	25.7	15.9	698.256	71	312	0
1947	8	21.5	11.4	731.1858387	43	312	0
1947	9	20	8.6	677.7667	21	312	0
1947	10	15.1	2.6	539.9254355	32	312	0
1947	11	8.9	0.4	349.3867	52	312	0
1947	12	-0.3	-7.2	377.05915	87	312	0
1948	1	-0.2	-8.2	458.3386935	141	313	0
1948	2	-0.8	-11	613.6085172	38	313	0
1948	3	5.2	-3	674.3276129	61	313	0
1948	4	10.6	0.9	766.0939	62	313	0
1948	5	20.7	7.5	848.8796613	36	313	0
1948	6	23.9	11.4	808.7287	56	313	0
1948	7	25.7	15.9	698.256	71	313	0
1948	8	21.5	11.4	731.1858387	43	313	0
1948	9	20	8.6	677.7667	21	313	0
1948	10	15.1	2.6	539.9254355	32	313	0
1948	11	8.9	0.4	349.3867	52	313	0
1948	12	-0.3	-7.2	377.05915	87	313	0
1949	1	-0.2	-8.2	458.3386935	141	314	0
1949	2	-0.8	-11	613.6085172	38	314	0
1949	3	5.2	-3	674.3276129	61	314	0
1949	4	10.6	0.9	766.0939	62	314	0
1949	5	20.7	7.5	848.8796613	36	314	0
1949	6	23.9	11.4	808.7287	56	314	0
1949	7	25.7	15.9	698.256	71	314	0
1949	8	21.5	11.4	731.1858387	43	314	0
1949	9	20	8.6	677.7667	21	314	0
1949	10	15.1	2.6	539.9254355	32	314	0
1949	11	8.9	0.4	349.3867	52	314	0
1949	12	-0.3	-7.2	377.05915	87	314	0
1950	1	-0.2	-8.2	458.3386935	141	314	0
1950	2	-0.8	-11	613.6085172	38	314	0
1950	3	5.2	-3	674.3276129	61	314	0
1950	4	10.6	0.9	766.0939	62	314	0
1950	5	20.7	7.5	848.8796613	36	314	0
1950	6	23.9	11.4	808.7287	56	314	0
1950	7	25.7	15.9	698.256	71	314	0
1950	8	21.5	11.4	731.1858387	43	314	0
1950	9	20	8.6	677.7667	21	314	0
1950	10	15.1	2.6	539.9254355	32	314	0
1950	11	8.9	0.4	349.3867	52	314	0
1950	12	-0.3	-7.2	377.05915	87	314	0
1951	1	-0.2	-8.2	458.3386935	141	315	0
1951	2	-0.8	-11	613.6085172	38	315	0
1951	3	5.2	-3	674.3276129	61	315	0
1951	4	10.6	0.9	766.0939	62	315	0
1951	5	20.7	7.5	848.8796613	36	315	0
1951	6	23.9	11.4	808.7287	56	315	0
1951	7	25.7	15.9	698.256	71	315	0
1951	8	21.5	11.4	731.1858387	43	315	0
1951	9	20	8.6	677.7667	21	315	0
1951	10	15.1	2.6	539.9254355	32	315	0
1951	11	8.9	0.4	349.3867	52	315	0
1951	12	-0.3	-7.2	377.05915	87	315	0
1952	1	-0.2	-8.2	458.3386935	141	315	0
1952	2	-0.8	-11	613.6085172	38	315	0
1952	3	5.2	-3	674.3276129	61	315	0
1952	4	10.6	0.9	766.0939	62	315	0
1952	5	20.7	7.5	848.8796613	36	315	0
1952	6	23.9	11.4	808.7287	56	315	0
1952	7	25.7	15.9	698.256	71	315	0
1952	8	21.5	11.4	731.1858387	43	315	0
1952	9	20	8.6	677.7667	21	315	0
1952	10	15.1	2.6	539.9254355	32	315	0
1952	11	8.9	0.4	349.3867	52	315	0
1952	12	-0.3	-7.2	377.05915	87	315	0
1953	1	-0.2	-8.2	458.3386935	141	316	0
1953	2	-0.8	-11	613.6085172	38	316	0
1953	3	5.2	-3	674.3276129	61	316	0
1953	4	10.6	0.9	766.0939	62	316	0
1953	5	20.7	7.5	848.8796613	36	316	0
1953	6	23.9	11.4	808.7287	56	316	0
1953	7	25.7	15.9	698.256	71	316	0
1953	8	21.5	11.4	731.1858387	43	316	0
1953	9	20	8.6	677.7667	21	316	0
1953	10	15.1	2.6	539.9254355	32	316	0
1953	11	8.9	0.4	349.3867	52	316	0
1953	12	-0.3	-7.2	377.05915	87	316	0
1954	1	-0.2	-8.2	458.3386935	141	317	0
1954	2	-0.8	-11	613.6085172	38	317	0
1954	3	5.2	-3	674.3276129	61	317	0
1954	4	10.6	0.9	766.0939	62	317	0
1954	5	20.7	7.5	848.8796613	36	317	0
1954	6	23.9	11.4	808.7287	56	317	0
1954	7	25.7	15.9	698.256	71	317	0
1954	8	21.5	11.4	731.1858387	43	317	0
1954	9	20	8.6	677.7667	21	317	0
1954	10	15.1	2.6	539.9254355	32	317	0
1954	11	8.9	0.4	349.3867	52	317	0
1954	12	-0.3	-7.2	377.05915	87	317	0
1955	1	-0.2	-8.2	458.3386935	141	317	0
1955	2	-0.8	-11	613.6085172	38	317	0
1955	3	5.2	-3	674.3276129	61	317	0
1955	4	10.6	0.9	766.0939	62	317	0
1955	5	20.7	7.5	848.8796613	36	317	0
1955	6	23.9	11.4	808.7287	56	317	0
1955	7	25.7	15.9	698.256	71	317	0
1955	8	21.5	11.4	731.1858387	43	317	0
1955	9	20	8.6	677.7667	21	317	0
1955	10	15.1	2.6	539.9254355	32	317	0
1955	11	8.9	0.4	349.3867	52	317	0
1955	12	-0.3	-7.2	377.05915	87	317	0
1956	1	-0.2	-8.2	458.3386935	141	318	0
1956	2	-0.8	-11	613.6085172	38	318	0
1956	3	5.2	-3	674.3276129	61	318	0
1956	4	10.6	0.9	766.0939	62	318	0
1956	5	20.7	7.5	848.8796613	36	318	0
1956	6	23.9	11.4	808.7287	56	318	0
1956	7	25.7	15.9	698.256	71	318	0
1956	8	21.5	11.4	731.1858387	43	318	0
1956	9	20	8.6	677.7667	21	318	0
1956	10	15.1	2.6	539.9254355	32	318	0
1956	11	8.9	0.4	349.3867	52	318	0
1956	12	-0.3	-7.2	377.05915	87	318	0
1957	1	-0.2	-8.2	458.3386935	141	319	0
1957	2	-0.8	-11	613.6085172	38	319	0
1957	3	5.2	-3	674.3276129	61	319	0
1957	4	10.6	0.9	766.0939	62	319	0
1957	5	20.7	7.5	848.8796613	36	319	0
1957	6	23.9	11.4	808.7287	56	319	0
1957	7	25.7	15.9	698.256	71	319	0
1957	8	21.5	11.4	731.1858387	43	319	0
1957	9	20	8.6	677.7667	21	319	0
1957	10	15.1	2.6	539.9254355	32	319	0
1957	11	8.9	0.4	349.3867	52	319	0
1957	12	-0.3	-7.2	377.05915	87	319	0
1958	1	-0.2	-8.2	458.3386935	141	320	0
1958	2	-0.8	-11	613.6085172	38	320	0
1958	3	5.2	-3	674.3276129	61	320	0
1958	4	10.6	0.9	766.0939	62	320	0
1958	5	20.7	7.5	848.8796613	36	320	0
1958	6	23.9	11.4	808.7287	56	320	0
1958	7	25.7	15.9	698.256	71	320	0
1958	8	21.5	11.4	731.1858387	43	320	0
1958	9	20	8.6	677.7667	21	320	0
1958	10	15.1	2.6	539.9254355	32	320	0
1958	11	8.9	0.4	349.3867	52	320	0
1958	12	-0.3	-7.2	377.05915	87	320	0
1959	1	-0.2	-8.2	458.3386935	141	320	0
1959	2	-0.8	-11	613.6085172	38	320	0
1959	3	5.2	-3	674.3276129	61	320	0
1959	4	10.6	0.9	766.0939	62	320	0
1959	5	20.7	7.5	848.8796613	36	320	0
1959	6	23.9	11.4	808.7287	56	320	0
1959	7	25.7	15.9	698.256	71	320	0
1959	8	21.5	11.4	731.1858387	43	320	0
1959	9	20	8.6	677.7667	21	320	0
1959	10	15.1	2.6	539.9254355	32	320	0
1959	11	8.9	0.4	349.3867	52	320	0
1959	12	-0.3	-7.2	377.05915	87	320	0
1960	1	-0.2	-8.2	458.3386935	141	321	0
1960	2	-0.8	-11	613.6085172	38	321	0
1960	3	5.2	-3	674.3276129	61	321	0
1960	4	10.6	0.9	766.0939	62	321	0
1960	5	20.7	7.5	848.8796613	36	321	0
1960	6	23.9	11.4	808.7287	56	321	0
1960	7	25.7	15.9	698.256	71	321	0
1960	8	21.5	11.4	731.1858387	43	321	0
1960	9	20	8.6	677.7667	21	321	0
1960	10	15.1	2.6	539.9254355	32	321	0
1960	11	8.9	0.4	349.3867	52	321	0
1960	12	-0.3	-7.2	377.05915	87	321	0
1961	1	-0.2	-8.2	458.3386935	141	322	0
1961	2	-0.8	-11	613.6085172	38	322	0
1961	3	5.2	-3	674.3276129	61	322	0
1961	4	10.6	0.9	766.0939	62	322	0
1961	5	20.7	7.5	848.8796613	36	322	0
1961	6	23.9	11.4	808.7287	56	322	0
1961	7	25.7	15.9	698.256	71	322	0
1961	8	21.5	11.4	731.1858387	43	322	0
1961	9	20	8.6	677.7667	21	322	0
1961	10	15.1	2.6	539.9254355	32	322	0
1961	11	8.9	0.4	349.3867	52	322	0
1961	12	-0.3	-7.2	377.05915	87	322	0
1962	1	-0.2	-8.2	458.3386935	141	323	0
1962	2	-0.8	-11	613.6085172	38	323	0
1962	3	5.2	-3	674.3276129	61	323	0
1962	4	10.6	0.9	766.0939	62	323	0
1962	5	20.7	7.5	848.8796613	36	323	0
1962	6	23.9	11.4	808.7287	56	323	0
1962	7	25.7	15.9	698.256	71	323	0
1962	8	21.5	11.4	731.1858387	43	323	0
1962	9	20	8.6	677.7667	21	323	0
1962	10	15.1	2.6	539.9254355	32	323	0
1962	11	8.9	0.4	349.3867	52	323	0
1962	12	-0.3	-7.2	377.05915	87	323	0
1963	1	-0.2	-8.2	458.3386935	141	323	0
1963	2	-0.8	-11	613.6085172	38	323	0
1963	3	5.2	-3	674.3276129	61	323	0
1963	4	10.6	0.9	766.0939	62	323	0
1963	5	20.7	7.5	848.8796613	36	323	0
1963	6	23.9	11.4	808.7287	56	323	0
1963	7	25.7	15.9	698.256	71	323	0
1963	8	21.5	11.4	731.1858387	43	323	0
1963	9	20	8.6	677.7667	21	323	0
1963	10	15.1	2.6	539.9254355	32	323	0
1963	11	8.9	0.4	349.3867	52	323	0
1963	12	-0.3	-7.2	377.05915	87	323	0
1964	1	-0.2	-8.2	458.3386935	141	324	0
1964	2	-0.8	-11	613.6085172	38	324	0
1964	3	5.2	-3	674.3276129	61	324	0
1964	4	10.6	0.9	766.0939	62	324	0
1964	5	20.7	7.5	848.8796613	36	324	0
1964	6	23.9	11.4	808.7287	56	324	0
1964	7	25.7	15.9	698.256	71	324	0
1964	8	21.5	11.4	731.1858387	43	324	0
1964	9	20	8.6	677.7667	21	324	0
1964	10	15.1	2.6	539.9254355	32	324	0
1964	11	8.9	0.4	349.3867	52	324	0
1964	12	-0.3	-7.2	377.05915	87	324	0
1965	1	-4.2	-11.9	462.2588226	32	325	0
1965	2	-4.8	-10.6	501.7161964	50	325	0
1965	3	3.2	-4.1	750.0763065	31	325	0
1965	4	9.8	0	851.76	51	325	0
1965	5	21.7	7	891.1468548	26	325	0
1965	6	23.1	10.8	780.1027	61	325	0
1965	7	25.2	13.1	791.8289516	65	325	0
1965	8	24.6	14.3	694.3780161	52	325	0
1965	9	20	11.6	575.95785	54	325	0
1965	10	14.6	3.4	542.5893871	63	325	0
1965	11	6.3	-2.2	362.9015	51	325	0
1965	12	1.5	-4.7	346.3269194	44	325	0
1966	1	-0.8	-9.5	452.5207742	59	326	0
1966	2	0.2	-8	544.0604464	71	326	0
1966	3	5.8	-3.5	735.8174032	56	326	0
1966	4	10.8	0	854.92745	21	326	0
1966	5	17.5	5.2	812.8619032	59	326	0
1966	6	23.6	12	753.6997	41	326	0
1966	7	27.1	14.1	805.721129	73	326	0
1966	8	25	13.4	714.1635968	37	326	0
1966	9	19.4	8.2	633.71165	110	326	0
1966	10	14.4	2.8	544.2273871	81	326	0
1966	11	9.4	1	326.42415	83	326	0
1966	12	0.6	-7.7	374.6396613	52	326	0
1967	1	1.1	-6.3	434.9802097	26	327	0
1967	2	-2.1	-12.4	602.0026071	84	327	0
1967	3	2.5	-6.5	719.4279677	61	327	0
1967	4	9.4	0.4	805.7465	80	327	0
1967	5	14.1	2.9	904.4326452	155	327	0
1967	6	24.8	13.4	739.8716	83	327	0
1967	7	25.3	16.6	663.3340161	109	327	0
1967	8	23.7	14.5	712.4809355	73	327	0
1967	9	20.6	9.3	669.53055	67	327	0
1967	10	14.4	4.6	512.3864032	90	327	0
1967	11	4.7	-3.5	401.59795	102	327	0
1967	12	2	-6.3	405.1565323	111	327	0
1968	1	-3.6	-12.3	445.1598387	24	328	0
1968	2	-2.7	-11.5	627.6081724	11	328	0
1968	3	6.2	-3.3	721.2012097	97	328	0
1968	4	15.2	2.7	823.4538	40	328	0
1968	5	17.8	6.1	771.4464194	93	328	0
1968	6	21.3	13.3	648.1293	173	328	0
1968	7	26.2	16.1	819.8504516	22	328	0
1968	8	24.2	11.9	806.0545161	13	328	0
1968	9	22.4	10.8	642.20715	48	328	0
1968	10	16	5.8	494.9018226	58	328	0
1968	11	5.6	-0.9	301.7235	118	328	0
1968	12	-1.4	-9	402.28175	122	328	0
1969	1	-1.8	-9	461.4498871	31	329	0
1969	2	-0.8	-7.3	530.7565714	66	329	0
1969	3	2.9	-5.2	730.2083226	52	329	0
1969	4	13.4	2.7	820.54375	110	329	0
1969	5	18.2	6.5	806.4778548	65	329	0
1969	6	22.9	12.5	750.3028	76	329	0
1969	7	24	15.4	712.6407097	77	329	0
1969	8	25.1	15.2	770.4569516	131	329	0
1969	9	20.6	10.7	621.12505	67	329	0
1969	10	14.9	4.3	527.1856452	34	329	0
1969	11	7.5	0.2	329.9049	109	329	0
1969	12	-1.2	-7.5	350.8842581	138	329	0
1970	1	-5.9	-15.4	529.5017419	15	329	0
1970	2	0.2	-9.5	600.7246607	106	329	0
1970	3	2.4	-5.3	681.1450645	78	329	0
1970	4	11.7	1.2	899.98285	76	329	0
1970	5	19	8.5	780.6497903	91	329	0
1970	6	22.2	12.2	776.65445	94	329	0
1970	7	26.1	16.3	771.3344516	24	329	0
1970	8	26.4	15	761.8234839	77	329	0
1970	9	20.1	11.1	580.60795	52	329	0
1970	10	14.7	5.3	524.4688548	44	329	0
1970	11	8.2	1.3	321.66095	74	329	0
1970	12	-1.3	-9.1	397.2219194	76	329	0
1971	1	-3.7	-14.2	492.4448226	47	330	0
1971	2	-1.2	-8.7	491.0455179	86	330	0
1971	3	2.7	-5	771.9899032	68	330	0
1971	4	10.1	-0.3	876.85715	43	330	0
1971	5	16.8	6.7	820.0397903	79	330	0
1971	6	24.2	11.6	833.61265	74	330	0
1971	7	25.9	14.6	744.8540806	114	330	0
1971	8	24.7	14.4	711.6946452	112	330	0
1971	9	21.2	12.9	567.79385	71	330	0
1971	10	17.6	7.9	527.3385	62	330	0
1971	11	5.7	-0.9	326.8148	99	330	0
1971	12	2.5	-5.1	370.2345484	72	330	0
1972	1	-0.2	-8.3	430.4901774	54	331	0
1972	2	-1.5	-9.2	549.1381552	78	331	0
1972	3	2.4	-4.7	642.3859839	130	331	0
1972	4	8.5	-0.9	870.24145	101	331	0
1972	5	18.1	7.7	807.2509355	92	331	0
1972	6	20.3	13.2	625.29805	169	331	0
1972	7	25.2	16.1	757.7014355	69	331	0
1972	8	23.3	14.2	679.4429032	60	331	0
1972	9	20.3	10.6	629.2962	38	331	0
1972	10	12.1	3	512.4373548	71	331	0
1972	11	4.2	-1.1	304.4782	129	331	0
1972	12	0.7	-5.2	358.8767	144	331	0
1973	1	0.7	-7.3	498.8609516	116	332	0
1973	2	-0.9	-9.5	581.9830714	46	332	0
1973	3	7.8	-0.3	679.7825806	88	332	0
1973	4	12.5	3.2	741.14365	121	332	0
1973	5	16.7	7.6	690.5157581	129	332	0
1973	6	23.7	14.8	706.9101	156	332	0
1973	7	25.3	16.7	741.3742742	44	332	0
1973	8	26	16.8	733.7655	60	332	0
1973	9	20.1	10.1	625.5197	61	332	0
1973	10	15.6	4.6	507.6183387	63	332	0
1973	11	8	0	349.9223	59	332	0
1973	12	3.8	-4.7	378.1477742	204	332	0
1974	1	-0.1	-8.7	488.8109032	78	333	0
1974	2	-1.1	-10	628.6089643	60	333	0
1974	3	4.7	-4.2	731.3103871	110	333	0
1974	4	12.9	3	863.1051	61	333	0
1974	5	15.9	6.7	747.8495323	93	333	0
1974	6	22.1	12.2	754.7969	78	333	0
1974	7	25.2	15.1	726.3315968	79	333	0
1974	8	25	14.7	716.2997903	65	333	0
1974	9	19	11	575.64975	194	333	0
1974	10	11.8	1.4	549.4357742	43	333	0
1974	11	8.2	0.2	366.7274	72	333	0
1974	12	1.6	-4.8	357.2651613	70	333	0
1975	1	0.4	-7.9	424.6055806	103	334	0
1975	2	-0.5	-8.6	515.2624286	74	334	0
1975	3	2.9	-4.7	690.2207419	77	334	0
1975	4	9.1	-0.3	850.74665	62	334	0
1975	5	21.2	9.3	808.664371	50	334	0
1975	6	22.1	13.2	701.3812	131	334	0
1975	7	26.1	16.9	718.6058226	110	334	0
1975	8	24.1	14.8	680.3084516	119	334	0
1975	9	18.4	9	612.07705	176	334	0
1975	10	15.5	5.8	512.6524839	133	334	0
1975	11	10.7	2.9	337.1017	129	334	0
1975	12	0.7	-7	341.8494677	95	334	0
1976	1	-3.5	-13	472.1535	84	335	0
1976	2	2.9	-6.3	597.0826034	84	335	0
1976	3	6.3	-3.4	748.5773226	67	335	0
1976	4	14.4	3.5	830.5206	87	335	0
1976	5	17.6	7.1	759.4275	88	335	0
1976	6	25.1	15	738.5898	58	335	0
1976	7	23.9	14.6	731.4494032	165	335	0
1976	8	23.6	14.5	699.0265645	171	335	0
1976	9	19.4	9.6	635.50695	48	335	0
1976	10	11.7	3.5	467.1828871	90	335	0
1976	11	4.9	-2.4	410.6856	25	335	0
1976	12	-2.6	-10.7	397.70575	68	335	0
1977	1	-5.3	-14.8	503.2767581	54	336	0
1977	2	-1.5	-8.2	534.8870893	52	336	0
1977	3	7.3	-0.2	708.3985161	149	336	0
1977	4	13.5	2.2	816.87125	104	336	0
1977	5	20.3	8	809.7626613	70	336	0
1977	6	21.3	12.6	668.8448	108	336	0
1977	7	25.2	15.3	754.8009677	70	336	0
1977	8	24.3	15.6	660.5077742	127	336	0
1977	9	18.3	11.2	523.2864	116	336	0
1977	10	13.6	4.8	513.7740484	145	336	0
1977	11	7.8	1.8	303.0365	99	336	0
1977	12	-1.1	-7.4	377.0356452	105	336	0
1978	1	-2.1	-9.7	454.7557258	170	337	0
1978	2	-3.1	-12.7	656.3706964	23	337	0
1978	3	3	-5.6	722.5114839	63	337	0
1978	4	11	0.8	882.87875	47	337	0
1978	5	18.4	8.5	762.8469194	66	337	0
1978	6	23.4	12.1	779.17255	91	337	0
1978	7	24.9	14.7	732.9181935	62	337	0
1978	8	24.1	15.7	649.5682742	119	337	0
1978	9	19	8.4	662.5021	26	337	0
1978	10	13.5	3.7	497.2254677	88	337	0
1978	11	8.4	-0.9	371.6479	47	337	0
1978	12	1.1	-6.3	389.9415	85	337	0
1979	1	-0.6	-7.4	434.1844839	227	339	0
1979	2	-5.5	-12.9	615.1630179	55	339	0
1979	3	7	-0.9	702.4900161	115	339	0
1979	4	10.9	2.5	737.59595	164	339	0
1979	5	19	10.2	696.4682903	89	339	0
1979	6	23.4	12.1	880.87415	20	339	0
1979	7	26.6	16.3	735.5437742	104	339	0
1979	8	23.4	15.5	622.1846129	123	339	0
1979	9	20.4	10.3	651.456	136	339	0
1979	10	12.9	5.5	469.0492258	162	339	0
1979	11	10.2	2.6	343.54905	79	339	0
1979	12	2.6	-4.3	353.8514032	60	339	0
1980	1	-0.4	-7.8	460.998871	24	340	0
1980	2	-1.5	-10.5	619.9682069	20	340	0
1980	3	4.4	-3.7	648.8580968	166	340	0
1980	4	12.1	3.1	722.71745	117	340	0
1980	5	19.5	8.2	811.4585323	46	340	0
1980	6	21.9	10.8	766.0341	100	340	0
1980	7	27.1	16.2	747.3230323	51	340	0
1980	8	25.5	16.8	619.2942097	45	340	0
1980	9	21.8	11.6	656.56305	51	340	0
1980	10	13.4	4.1	486.7866774	69	340	0
1980	11	6.2	-1.3	390.9659	84	340	0
1980	12	-0.9	-10.1	395.96505	24	340	0
1981	1	-5.6	-14.6	448.8459677	18	341	0
1981	2	3.7	-4.6	505.6600714	211	341	0
1981	3	4.8	-2.4	706.8573871	21	341	0
1981	4	13.8	3.4	765.0877	107	341	0
1981	5	20.5	8.2	791.2238226	70	341	0
1981	6	23.6	13.3	722.7623	85	341	0
1981	7	25.9	16.8	704.3205	132	341	0
1981	8	24.7	14.7	728.2501452	58	341	0
1981	9	19	10.5	575.2201	93	341	0
1981	10	12.4	3.7	493.799129	152	341	0
1981	11	7.2	0.4	333.749	61	341	0
1981	12	-0.2	-6.7	399.4480645	126	341	0
1982	1	-6	-14.2	526.3584677	92	342	0
1982	2	-0.1	-8.5	655.906875	96	342	0
1982	3	4.3	-4.3	764.1175645	71	342	0
1982	4	10	0.4	881.40715	117	342	0
1982	5	20.4	8.5	872.4381774	46	342	0
1982	6	20.4	11.8	678.26135	217	342	0
1982	7	26.4	15.1	831.7756452	70	342	0
1982	8	23.4	13	727.1587742	79	342	0
1982	9	20.5	10.4	615.7606	52	342	0
1982	10	14.6	2.9	550.0409032	46	342	0
1982	11	9.7	1.1	361.7367	99	342	0
1982	12	4.4	-3.2	326.1928548	51	342	0
1983	1	-0.4	-8	429.0849194	101	343	0
1983	2	1.7	-6.7	574.9226786	68	343	0
1983	3	4.9	-1.1	574.3970323	137	343	0
1983	4	11.4	3.3	691.2061	156	343	0
1983	5	16.8	7.9	697.0520323	170	343	0
1983	6	24.7	13.9	826.9586	58	343	0
1983	7	27	16	773.8505806	68	343	0
1983	8	26.5	15.8	704.6727581	60	343	0
1983	9	23.5	11.9	659.7669	52	343	0
1983	10	14.3	5.6	459.8785645	107	343	0
1983	11	8.5	0.5	349.7871	170	343	0
1983	12	-0.2	-7.6	386.7334355	135	343	0
1984	1	-3.1	-10.6	463.514371	59	344	0
1984	2	4	-4	533.5603448	144	344	0
1984	3	0.5	-5.9	663.8686935	118	344	0
1984	4	11.2	2.2	843.232	98	344	0
1984	5	17.9	7	784.2956613	258	344	0
1984	6	24.4	13.9	719.8464	63	344	0
1984	7	24.6	15.7	706.0830484	159	344	0
1984	8	25.9	17	701.6307581	23	344	0
1984	9	20.3	9.3	690.83105	19	344	0
1984	10	16.2	6.6	476.8297258	88	344	0
1984	11	8.3	-0.1	360.51535	87	344	0
1984	12	3.8	-2.9	358.3138	72	344	0
1985	1	-3.6	-11.8	471.2722258	29	345	0
1985	2	2.3	-6.9	559.8603214	45	345	0
1985	3	8.3	-3.7	763.7722258	75	345	0
1985	4	13.4	1.9	807.4612	27	345	0
1985	5	21.4	9.9	789.7154032	63	345	0
1985	6	21.2	11.4	721.80875	70	345	0
1985	7	26.2	15.7	782.3613871	73	345	0
1985	8	24	14.9	665.8803387	192	345	0
1985	9	20.6	11.3	645.2797	81	345	0
1985	10	15	4.5	505.8067258	61	345	0
1985	11	7.1	1.2	315.1733	128	345	0
1985	12	-1.7	-8.2	409.0049516	36	345	0
1986	1	-0.2	-9	470.1544355	130	347	0
1986	2	-2	-10.6	591.2239821	71	347	0
1986	3	6	-3.4	749.7970161	95	347	0
1986	4	13.9	3.7	782.07935	40	347	0
1986	5	19.7	8.7	751.1249032	41	347	0
1986	6	21.3	10.9	750.5329	157	347	0
1986	7	24.4	15.7	648.1649032	121	347	0
1986	8	23.2	13.7	728.3268871	85	347	0
1986	9	19.1	8.5	634.40065	32	347	0
1986	10	14.4	4.5	486.486629	56	347	0
1986	11	6.4	-2.2	423.4347	135	347	0
1986	12	1.3	-4.5	377.091	119	347	0
1987	1	-1.8	-9.9	504.2253387	104	348	0
1987	2	0.2	-9.5	653.2068214	3	348	0
1987	3	6.9	-2.3	692.1631935	68	348	0
1987	4	12.3	2.9	722.60175	190	348	0
1987	5	19.3	7.4	791.681129	26	348	0
1987	6	23.2	13.6	711.65965	92	348	0
1987	7	26.7	17.1	750.1895323	41	348	0
1987	8	24.5	13.6	707.1542903	81	348	0
1987	9	19.7	11	569.21605	133	348	0
1987	10	14.2	2.4	542.9064194	98	348	0
1987	11	8.1	-1.8	386.4198	48	348	0
1987	12	2.4	-4.7	319.5131613	54	348	0
1988	1	-2	-13	460.6327742	60	349	0
1988	2	0.8	-9.5	592.0663966	78	349	0
1988	3	5.8	-4.7	740.3470645	62	349	0
1988	4	11	2.2	757.0173	90	349	0
1988	5	18.8	7.9	747.2727097	72	349	0
1988	6	23.8	11.6	805.97595	61	349	0
1988	7	26.6	17.6	627.7163226	162	349	0
1988	8	26	17.9	669.7293871	88	349	0
1988	9	21	9.3	718.2903	51	349	0
1988	10	12.2	2.6	477.0322742	50	349	0
1988	11	9.3	0.9	340.275	144	349	0
1988	12	0.3	-7.1	359.6099	35	349	0
1989	1	1.1	-6.2	411.1870645	41	351	0
1989	2	0	-8.4	537.502875	66	351	0
1989	3	5.6	-3.9	693.3344516	59	351	0
1989	4	10.7	0.9	714.3162	105	351	0
1989	5	19.7	9.6	727.4896452	195	351	0
1989	6	23.2	14.5	676.5538	116	351	0
1989	7	26	16.2	741.525871	101	351	0
1989	8	25.7	15.5	685.4665161	125	351	0
1989	9	21.7	11.4	600.50835	122	351	0
1989	10	15.9	5.8	496.7499194	152	351	0
1989	11	7.4	-0.6	354.49245	102	351	0
1989	12	-6.2	-14	413.5968871	24	351	0
1990	1	3.4	-2.9	413.4371129	74	352	0
1990	2	2.5	-6.7	589.5957321	103	352	0
1990	3	8	-2.6	719.9745968	64	352	0
1990	4	12.5	2.8	747.0463	87	352	0
1990	5	16.4	6.7	693.3986129	162	352	0
1990	6	25.2	13.8	789.5745	35	352	0
1990	7	26.8	16.6	725.3698065	48	352	0
1990	8	25.5	16.2	658.8672581	169	352	0
1990	9	21.6	10.4	682.2491	26	352	0
1990	10	17.7	7.3	490.8061935	156	352	0
1990	11	10	1.2	361.777	63	352	0
1990	12	4.8	-2.7	297.6781935	145	352	0
1991	1	-0.5	-8.6	458.4047419	88	353	0
1991	2	3.7	-5.4	559.8867857	56	353	0
1991	3	7.5	-1.2	639.2974355	88	353	0
1991	4	15.5	4.1	765.8664	56	353	0
1991	5	22.3	9.7	799.7201613	143	353	0
1991	6	24.7	13.2	732.8152	80	353	0
1991	7	25.6	15.2	741.2396613	68	353	0
1991	8	25.8	16.4	683.162371	242	353	0
1991	9	20.9	9.8	644.43145	187	353	0
1991	10	16.1	5.7	468.5	66	353	0
1991	11	7.5	1	278.4797508	120	353	0
1991	12	1.8	-6.3	255.2580645	88	353	0
1992	1	-0.1	-9.1	310.0550162	47	355	0
1992	2	0.8	-7.8	365.324159	53	355	0
1992	3	3.6	-5.2	427.5965347	95	355	0
1992	4	9.8	1.1	558.0241546	75	355	0
1992	5	19	6.5	723.6984479	55	355	0
1992	6	22.9	11.9	725.5905172	99	355	0
1992	7	23.6	13.9	640.4656652	122	355	0
1992	8	23.1	13.6	664.5429234	145	355	0
1992	9	19.6	10.4	608.3882979	70	355	0
1992	10	11.7	2.6	474.5144509	57	355	0
1992	11	5.8	-1.1	285.4046823	125	355	0
1992	12	0.7	-5.7	234.0990099	80	355	0
1993	1	-0.1	-8.1	305.4440789	60	356	0
1993	2	-2.6	-13.5	463.7948718	58	356	0
1993	3	3.4	-5.7	540.1351351	148	356	0
1993	4	12.9	2.8	552.7250608	92	356	0
1993	5	20.1	7.3	736.9314159	26	356	0
1993	6	23.8	11.7	772.7188841	77	356	0
1993	7	26.9	14.7	747.4808511	143	356	0
1993	8	25.4	15.3	732.549884	80	356	0
1993	9	19.5	9.9	505.8938992	126	356	0
1993	10	13.5	2	513.5344828	92	356	0
1993	11	8.1	-1.1	315.7819315	109	356	0
1993	12	1.3	-6.6	240.1645161	148	356	0
1994	1	-4.7	-15.3	295.0189274	137	358	0
1994	2	-1.9	-11.8	431.2523962	48	358	0
1994	3	4.4	-5	523.4071038	146	358	0
1994	4	13.3	1.9	635.4843373	92	358	0
1994	5	17.8	5.6	703.2444934	99	358	0
1994	6	24.8	13.7	689.1939655	73	358	0
1994	7	27.8	17.3	717.8914894	162	358	0
1994	8	23.9	14	634.4953917	121	358	0
1994	9	19.2	8.3	545.4010695	87	358	0
1994	10	15.1	3.3	510.0890805	26	358	0
1994	11	10.1	0.7	349.11875	80	358	0
1994	12	3.6	-4.5	270.5225806	116	358	0
1995	1	1	-5.5	260.1451613	90	359	0
1995	2	-0.9	-9.8	477.3616352	39	359	0
1995	3	6.8	-2.1	527.7069892	46	359	0
1995	4	10.7	-0.4	627.9975904	40	359	0
1995	5	17.6	6.4	625.3488889	27	359	0
1995	6	20.2	10.2	714.1309013	49	359	0
1995	7	25.7	12.7	705.8877119	210	359	0
1995	8	26.6	12.1	783.9093023	45	359	0
1995	9	20.4	6	625.6649077	75	359	0
1995	10	17.1	4.4	487.8979592	246	359	0
1995	11	5.1	-2.7	263.7468354	119	359	0
1995	12	-1.9	-9.5	289.2451613	49	359	0
1996	1	-1	-10.6	311.0909091	123	361	0
1996	2	-0.5	-10.2	396.9909091	62	361	0
1996	3	4.2	-6.7	599.6162162	52	361	0
1996	4	11.3	-0.2	563.4230769	100	361	0
1996	5	17.2	6.2	648.4298246	104	361	0
1996	6	23.4	13.9	621.1605996	115	361	0
1996	7	24.3	15.3	652.1148936	184	361	0
1996	8	25.6	16.7	681.9631336	25	361	0
1996	9	20.3	11.2	486.0452128	148	361	0
1996	10	14.4	3.5	512.3710145	111	361	0
1996	11	5.6	-2.7	317.16875	92	361	0
1996	12	3.4	-1.6	189.9322581	200	361	0
1997	1	-1	-11.1	301.9322581	80	362	0
1997	2	3.4	-6.9	418.6107595	50	362	0
1997	3	3.9	-5	503.8064516	98	362	0
1997	4	10.6	0	672.6101695	106	362	0
1997	5	16.1	5.7	651.1274725	73	362	0
1997	6	24.4	12.4	776.1995708	31	362	0
1997	7	25.7	14.5	776.9034335	88	362	0
1997	8	24.6	13.9	665.1224018	96	362	0
1997	9	20.5	9.5	581.8601583	20	362	0
1997	10	14.1	3	479.8587896	48	362	0
1997	11	5.7	-2.7	293.5873016	105	362	0
1997	12	2.6	-5.7	292.2491803	42	362	0
1998	1	1.6	-6.9	267.1225806	126	364	0
1998	2	3.7	-6.7	434.4649682	63	364	0
1998	3	6.5	-3.2	497.9489247	115	364	0
1998	4	13.9	1.2	619.0748792	55	364	0
1998	5	21	8.4	702.8417582	53	364	0
1998	6	21.8	12.2	558.544086	179	364	0
1998	7	26.2	14.7	749.4894068	40	364	0
1998	8	26.7	14.5	683.5806452	35	364	0
1998	9	22.9	9.7	628.7275132	46	364	0
1998	10	14.5	3	463.4884393	89	364	0
1998	11	8	-2	311.2365931	52	364	0
1998	12	5.7	-4.8	282.3709677	32	364	0
1999	1	0.7	-11.1	256.7411003	134	365	0
1999	2	2.6	-8.9	389.4267516	58	365	0
1999	3	5.8	-4.7	601.2162162	110	365	0
1999	4	13.5	0	722.5301205	12	365	0
1999	5	19.9	7.3	754.4469027	55	365	0
1999	6	26.2	14.8	818.9248927	48	365	0
1999	7	28.2	17.4	798.5191489	38	365	0
1999	8	25.5	15.5	688.6589862	82	365	0
1999	9	22.6	13	562.5946667	229	365	0
1999	10	13.7	2.8	510.2745665	91	365	0
1999	11	10.6	1.6	318.6038339	80	365	0
1999	12	2.8	-6.1	307.2326389	52	365	0
2000	1	-1.8	-11.6	323.55	83	367	0
2000	2	1.6	-7.3	407.3878205	79	367	0
2000	3	9	-1.7	563.8494624	71	367	0
2000	4	10.7	1.5	484.5429975	92	367	0
2000	5	17.8	7.8	636.0623608	67	367	0
2000	6	22.2	13.1	611.8859649	139	367	0
2000	7	23.5	14.5	669.8771552	118	367	0
2000	8	23.2	14.7	663.1173709	91	367	0
2000	9	20.4	10.4	618.2466488	93	367	0
2000	10	14.6	4.3	479.4171598	50	367	0
2000	11	6.9	-0.4	339.5415282	60	367	0
2000	12	-0.8	-10.1	297.5469799	94	367	0
2001	1	-0.7	-9.7	331.8892508	31	369	0
2001	2	1.1	-9.2	431.7697368	54	369	0
2001	3	3.9	-5.5	520.8198925	170	369	0
2001	4	13.7	0.2	740.0073171	32	369	0
2001	5	20.2	7.7	670.2180617	49	369	0
2001	6	25.2	13.3	677.9548387	153	369	0
2001	7	25	12.7	773.3519313	70	369	0
2001	8	27.3	16.2	699.672093	53	369	0
2001	9	21.6	9.9	628.4	114	369	0
2001	10	16.5	4.8	529.5417867	21	369	0
2001	11	11.1	0.9	342.1082803	28	369	0
2001	12	5.1	-3.2	310.9855072	65	369	0
2002	1	3.1	-4.7	287.1212903	53	370	0
2002	2	4.7	-6.4	426.0101227	56	370	0
2002	3	6.7	-3.6	512.4820051	85	370	0
2002	4	14.1	2.2	595.3465394	98	370	0
2002	5	17.7	5.6	681.1661734	123	370	0
2002	6	23.1	10.9	686.2444211	115	370	0
2002	7	26.8	15.3	741.448073	66	370	0
2002	8	27	15.1	652.9608445	118	370	0
2002	9	23.4	11.8	622.9557545	87	370	0
2002	10	12.8	3.1	455.9358382	74	370	0
2002	11	6.3	-1.3	303.2178218	128	370	0
2002	12	1.3	-7.1	272.5194203	107	370	0
2003	1	-4.3	-13.3	339.9079179	81	372	0
2003	2	-1.6	-11.4	324.2539906	82	372	0
2003	3	7.2	-5.3	440.3572254	103	372	0
2003	4	11	-0.4	544.0982609	96	372	0
2003	5	17.3	6.3	551.6871579	145	372	0
2003	6	22.8	12.2	620.6496881	152	372	0
2003	7	26.3	15.6	732.0384306	36	372	0
2003	8	26.1	16.1	614.1583333	99	372	0
2003	9	21.2	10.9	525.9375	139	372	0
2003	10	13.8	3.3	446.6678284	143	372	0
2003	11	10.2	0.2	318.2570122	80	372	0
2003	12	3	-5.8	265.5207547	154	372	0
2004	1	-6	-15	360.7496795	30	374	0
2004	2	1.8	-8.7	496.2244048	36	374	0
2004	3	6.5	-3.3	530.8523077	83	374	0
2004	4	13.7	1.6	632.3389151	154	374	0
2004	5	20.7	7.7	680.1479508	114	374	0
2004	6	22.9	10.8	716.0386454	70	374	0
2004	7	25	14.8	631.7524366	126	374	0
2004	8	25	14.7	683.5761488	87	374	0
2004	9	22	10.8	510.7502982	214	374	0
2004	10	14.1	4.6	248.2126359	62	374	0
2004	11	8.7	-1.3	185.915184	88	374	0
2004	12	1.5	-6.9	206.2874359	99	374	0
2005	1	-2.1	-11.3	255.3224691	111	376	0
2005	2	2.8	-7.8	433.379023	65	376	0
2005	3	4.2	-6.5	578.6679707	120	376	0
2005	4	15.5	2	715.9729604	144	376	0
2005	5	15.4	4.6	554.0590998	91	376	0
2005	6	25.7	13.9	676.3940452	140	376	0
2005	7	26.5	15.9	656.5703854	123	376	0
2005	8	26.8	16.1	656.9194131	87	376	0
2005	9	23.4	11.6	644.1152632	62	376	0
2005	10	13.9	6	334.9579268	297	376	0
2005	11	9.9	-0.6	314.0742038	108	376	0
2005	12	0.9	-7.4	319.4955932	77	376	0
2006	1	4	-5.2	291.6256667	104	377	0
2006	2	1	-8.8	475.8126214	51	377	0
2006	3	6.5	-4.5	577.6851163	13	377	0
2006	4	14.8	2	698.7427184	42	377	0
2006	5	17.7	7.4	620.3146608	115	377	0
2006	6	22.5	13.7	480.3608466	141	377	0
2006	7	27.3	16.9	637.4492147	92	377	0
2006	8	24.6	14	716.1720358	129	377	0
2006	9	20	9.9	586.1418782	75	377	0
2006	10	14.3	3.8	449.9986945	168	377	0
2006	11	11.1	2.5	197.9052427	117	377	0
2006	12	5.4	-2.7	260.6692308	49	377	0
2007	1	1	-7.3	305.9191558	79	379	0
2007	2	-2.5	-11.8	502.9665584	47	379	0
2007	3	5.5	-5.7	522.7045564	108	379	0
2007	4	10	0.6	478.1281184	160	379	0
2007	5	21.1	7.6	798.4472222	102	379	0
2007	6	23.7	11.7	740.9761006	64	379	0
2007	7	25.9	14.8	673.5517176	167	379	0
2007	8	25.5	14.1	443.7021828	30	379	0
2007	9	22.8	10.8	395.2713889	76	379	0
2007	10	17.8	7.5	244.0825269	118	379	0
2007	11	6.9	-2.2	160.1454167	91	379	0
2007	12	0.4	-7.4	102.0485215	97	379	0
2008	1	1.1	-8.2	326.3930818	72	381	0
2008	2	0.7	-8.7	369.3134796	267	381	0
2008	3	4.8	-5	544.5984456	139	381	0
2008	4	15	2	703.3690476	111	381	0
2008	5	18.1	5.6	694.4782609	57	381	0
2008	6	24.5	13.3	667.2913223	106	381	0
2008	7	26.7	16.4	663.6884615	225	381	0
2008	8	24.5	13.2	654.4670782	47	381	0
2008	9	21.6	11.2	558.8744076	198	381	0
2008	10	14.7	3.4	466.6159794	63	381	0
2008	11	7.2	-0.8	271.7754491	91	381	0
2008	12	1.8	-7	219.6742671	188	381	0
2009	1	-3.1	-13.1	296.2584197	78	383	0
2009	2	2.7	-8.3	267.1362799	36	383	0
2009	3	6.5	-4.1	409.0625	75	383	0
2009	4	14.6	2.4	423.6266393	83	383	0
2009	5	19.1	7.3	461.1312135	130	383	0
2009	6	21.6	12	427.8022192	182	383	0
2009	7	24	13.7	588.2399532	254	383	0
2009	8	25.9	15.3	497.376408	84	383	0
2009	9	20.3	9.2	601.9533881	34	383	0
2009	10	12.9	3.4	378.6098969	169	383	0
2009	11	10.3	2.2	343.1294112	61	383	0
2009	12	0.8	-7.7	287.6614349	90	383	0
2010	1	-0.5	-9	323.5416667	68	385	0
2010	2	0.9	-6.8	404.5993691	87	385	0
2010	3	9.3	0.1	476.099768	189	385	0
2010	4	16.1	3.4	486.2602965	30	385	0
2010	5	21.8	8.9	601.8936877	58	385	0
2010	6	24	13.4	599.489603	105	385	0
2010	7	28	16.3	570.3987539	78	385	0
2010	8	25.9	14.8	579.2509225	82	385	0
2010	9	22.6	12	548.6897375	76	385	0
2010	10	14.6	4.4	392.8305085	154	385	0
2010	11	8.4	-0.7	340.7066246	103	385	0
2010	12	0.6	-7.8	292.5297806	76	385	0
2011	1	-1.9	-11.1	308.3601108	62	387	0
2011	2	1	-9.8	260.797075	104	387	0
2011	3	5.2	-4.5	452.4375	145	387	0
2011	4	13.1	2.6	446.7284404	136	387	0
2011	5	20.1	9.2	639.9493671	93	387	0
2011	6	23.1	12	698.7134021	134	387	0
2011	7	27.9	16.1	752.2859779	58	387	0
2011	8	25.4	14.9	619.7602339	271	387	0
2011	9	22.4	13	352.7941628	214	387	0
2011	10	14.5	5.3	287.0422018	177	387	0
2011	11	12	2.2	314.7562814	101	387	0
2011	12	5.7	-3.5	201.5919192	125	387	0
2012	1	2.2	-7.3	309.4922222	59	389	0
2012	2	4.5	-5.4	389.0056051	27	389	0
2012	3	11.5	0.4	543.4900908	24	389	0
2012	4	14.6	1.8	688.9963196	56	389	0
2012	5	20.9	10.1	584.760851	94	389	0
2012	6	23.4	11.8	696.21471	84	389	0
2012	7	28	16	749.1465779	39	389	0
2012	8	27.2	15.4	735.1374299	139	389	0
2012	9	21	10.4	600.6514473	140	389	0
2012	10	15	6.4	347.3097583	116	389	0
2012	11	7.2	-1.6	355.1919927	14	389	0
2012	12	3.6	-3.8	231.9777482	92	389	0
2013	1	0.6	-8.7	348.0496774	59	391	0
2013	2	0.5	-7.3	381.1464968	63	391	0
2013	3	4.8	-4.2	534.0692112	74	391	0
2013	4	13.1	1.2	702.2544811	52	391	0
2013	5	20.4	6.8	736.3811966	142	391	0
2013	6	23.8	12.8	729.7214894	244	391	0
2013	7	27.6	18	720.0105906	54	391	0
2013	8	24.6	13.7	748.0387892	137	391	0
2013	9	21	9.1	674.7170051	90	391	0
2013	10	15.3	5.1	470.7094286	63	391	0
2013	11	7.1	-3	436.4768987	83	391	0
2013	12	1	-7	262.3983221	86	391	0
2014	1	-1.6	-11.3	371.8353896	84	393	0
2014	2	-1	-10.3	481.1939103	91	393	0
2014	3	2.4	-8.5	576.3474093	116	393	0
2014	4	12.7	0.7	687.7349169	128	393	0
2014	5	19	7.3	670.6621564	82	393	0
2014	6	24	12.5	829.1709474	57	393	0
2014	7	25.9	15.2	813.7790224	229	393	0
2014	8	24.2	13.6	758.6552402	55	393	0
2014	9	21.2	10.3	689.5213033	41	393	0
2014	10	15	6.2	429.1345404	190	393	0
2014	11	6.6	-2.2	341.755205	98	393	0
2014	12	2.8	-3.8	258.5030508	134	393	0
2015	1	-2.8	-12.4	323.2137255	69	396	0
2015	2	-5	-16.6	483.9185897	42	396	0
2015	3	2.9	-7.4	617.0829396	48	396	0
2015	4	11.9	1.3	656.15179	44	396	0
2015	5	23.1	8.9	861.7155319	33	396	0
2015	6	22.2	11.4	736.7558386	163	396	0
2015	7	26.1	15.3	796.1428571	110	396	0
2015	8	26	15.2	853.9448889	135	396	0
2015	9	24.1	12.2	735.9844221	158	396	0
2015	10	14.1	3.6	541.5098592	49	396	0
2015	11	10.9	1.3	390.8481013	49	396	0
2015	12	8.1	0.6	249.1197952	126	396	0
2016	1	0.9	-8	370.9648673	40	398	0
2016	2	3.7	-8.1	416.3852695	108	398	0
2016	3	9.4	-1.7	509.8692913	86	398	0
2016	4	12.5	0.1	717.3428762	69	398	0
2016	5	19	7.8	670.1937696	60	398	0
2016	6	24.4	12.2	827.3993951	39	398	0
2016	7	28	15.6	732.5722799	63	398	0
2016	8	27.3	16.1	732.8128001	120	398	0
2016	9	22.6	11.8	639.2091823	100	398	0
2016	10	15.6	5.2	498.4738891	77	398	0
2016	11	9.9	0.1	359.5187219	85	398	0
2016	12	2.1	-6.6	248.9011242	90	398	0
2017	1	2	-5.5	289.4096273	66	400	0
2017	2	4.9	-5.8	478.9433846	65	400	0
2017	3	3.3	-6.8	610.4854271	78	400	0
2017	4	15.4	3.8	615.6922907	87	400	0
2017	5	17.1	6.4	604.6082816	184	400	0
2017	6	24.1	12.4	787.4100823	128	400	0
2017	7	25.1	15.3	705.252381	70	400	0
2017	8	24.7	13.9	658.0320388	92	400	0
2017	9	23.1	12.6	637.3826087	74	400	0
2017	10	19.1	8.6	468.1100756	298	400	0
2017	11	8.3	-1.8	238.0650685	42	400	0
2017	12	-1	-8.5	202.5108808	71	400	0
2018	1	-0.4	-10.2	301.9209913	130	402	0
2018	2	5.3	-5.6	319.2678466	125	402	0
2018	3	4.8	-4	515.3356968	98	402	0
2018	4	9.5	-0.8	505.9955789	129	402	0
2018	5	22.4	9.5	684.6770624	46	402	0
2018	6	23.4	11.9	768.0868154	169	402	0
2018	7	28	16.5	896.5656	181	402	0
2018	8	26.8	17.1	626.8204793	273	402	0
2018	9	22	13	481.5079903	268	402	0
2018	10	13.3	4.4	303.6637532	103	402	0
2018	11	4.7	-2.1	223.3421348	214	402	0
2018	12	3.2	-5.8	251.1612137	104	402	0
2019	1	-1.1	-10.3	275.8124031	128.2	405	0
2019	2	1.3	-8.2	385.2956403	73	405	0
2019	3	5.5	-5.2	543.6570455	50.8	405	0
2019	4	13	2	502.8555319	212.3	405	0
2019	5	17.4	6.6	536.2735294	88.8	405	0
2019	6	23.5	12.2	671.9461224	107.8	405	0
2019	7	28.3	16.7	728.1269307	147.8	405	0
2019	8	25.9	14.2	706.5929204	84	405	0
2019	9	21.9	10.1	615.9478481	45.8	405	0
2019	10	14.9	5.8	365.7478632	166.4	405	0
2019	11	6	-3.5	332.2423567	82	405	0
2019	12	1.8	-6.5	249.9091503	179.3	405	0
2020	1	2.5	-6	341.846732	45.1	407	0
2020	2	2.7	-5.9	399.3762346	85.8	407	0
2020	3	8.5	-2	546.7796392	92.4	407	0
2020	4	10.2	0.2	546.0132701	142.6	407	0
2020	5	19.1	5.9	870.1559499	66.7	407	0
2020	6	25.2	12.9	919.6599165	31.4	407	0
2020	7	28.3	17.3	789.3096892	129.3	407	0
2020	8	26.6	15.3	812.9788546	82.7	407	0
2020	9	22	10.7	729.9389873	53.7	407	0
2020	10	14.6	5.2	450.4254011	156.3	407	0
2020	11	11.5	1.1	316.872238	108.8	407	0
2020	12	3.2	-5.2	242.6371601	111.6	407	0
2021	1	0.1	-7.7	382.4427184	68.2	410	0
2021	2	0	-7.8	424.4063492	66.5	410	0
2021	3	8.6	-4	784.1079284	46.5	410	0
2021	4	13.8	1.6	712.6823944	129.9	410	0
2021	5	19.4	7.1	812.3959746	137.3	410	0
2021	6	26	14.1	880.9610526	79.6	410	0
2021	7	24.1	14.8	619.8041152	294.8	410	0
2021	8	26.2	16.9	694.2696903	93.1	410	0
2021	9	21.6	11.6	654.3223618	139.5	410	0
2021	10	16.8	7.8	513.428877	160.3	410	0
2021	11	8.4	-1.7	462.7996904	71.7	410	0
2021	12	4.1	-3.1	282.5495082	98	410	0
2022	1	-1.7	-12.8	423.9367742	53.4	412	0
2022	2	2.5	-8.3	515.1088328	115.3	412	0
2022	3	7.6	-3.9	641.1966495	70.6	412	0
2022	4	12.5	1.3	731.9736471	62	412	0
2022	5	20.9	8.9	862.0044118	49.9	412	0
2022	6	23.6	11.9	837.52875	67.9	412	0
2022	7	27.5	15.8	898.7644898	137.1	412	0
2022	8	27.8	16.5	825.6032468	29.5	412	0
2022	9	21	10.3	713.342132	182.4	412	0
2022	10	15.9	5.3	560.2479564	112	412	0
2022	11	10.5	1.1	445.0180982	106.9	412	0
2022	12	3.4	-5.2	356.4315113	125.1	412	0
2023-2899	1	-1.7	-12.8	423.9367742	53.4	412	0
2023-2899	2	2.5	-8.3	515.1088328	115.3	412	0
2023-2899	3	7.6	-3.9	641.1966495	70.6	412	0
2023-2899	4	12.5	1.3	731.9736471	62	412	0
2023-2899	5	20.9	8.9	862.0044118	49.9	412	0
2023-2899	6	23.6	11.9	837.52875	67.9	412	0
2023-2899	7	27.5	15.8	898.7644898	137.1	412	0
2023-2899	8	27.8	16.5	825.6032468	29.5	412	0
2023-2899	9	21	10.3	713.342132	182.4	412	0
2023-2899	10	15.9	5.3	560.2479564	112	412	0
2023-2899	11	10.5	1.1	445.0180982	106.9	412	0
2023-2899	12	3.4	-5.2	356.4315113	125.1	412	0